22,376,3.5182608695652173
244,51,3.5182608695652173
244,265,3.5182608695652173
244,815,3.5182608695652173
244,756,3.5182608695652173
298,281,3.5182608695652173
62,257,3.5182608695652173
62,12,3.5182608695652173
286,208,3.5182608695652173
200,673,3.5182608695652173
200,11,3.5182608695652173
224,77,3.5182608695652173
194,181,3.5182608695652173
194,165,3.5182608695652173
194,54,3.5182608695652173
291,1042,3.5182608695652173
234,1184,3.5182608695652173
234,206,3.5182608695652173
119,407,3.5182608695652173
299,229,3.5182608695652173
299,134,3.5182608695652173
308,1,3.5182608695652173
308,427,3.5182608695652173
308,640,3.5182608695652173
95,625,3.5182608695652173
160,234,3.5182608695652173
301,98,3.5182608695652173
301,790,3.5182608695652173
181,762,3.5182608695652173
181,306,3.5182608695652173
276,54,3.5182608695652173
276,142,3.5182608695652173
7,479,3.5182608695652173
7,492,3.5182608695652173
10,486,3.5182608695652173
246,919,3.5182608695652173
249,188,3.5182608695652173
178,568,3.5182608695652173
25,357,3.5182608695652173
59,742,3.5182608695652173
72,679,3.5182608695652173
72,182,3.5182608695652173
87,554,3.5182608695652173
42,423,3.5182608695652173
42,96,3.5182608695652173
42,794,3.5182608695652173
292,515,3.5182608695652173
20,288,3.5182608695652173
13,344,3.5182608695652173
13,56,3.5182608695652173
13,809,3.5182608695652173
189,526,3.5182608695652173
189,520,3.5182608695652173
92,229,3.5182608695652173
92,794,3.5182608695652173
92,501,3.5182608695652173
254,229,3.5182608695652173
293,685,3.5182608695652173
127,229,3.5182608695652173
222,26,3.5182608695652173
222,278,3.5182608695652173
11,732,3.5182608695652173
8,338,3.5182608695652173
8,550,3.5182608695652173
279,154,3.5182608695652173
279,832,3.5182608695652173
279,1240,3.5182608695652173
145,15,3.5182608695652173
28,209,3.5182608695652173
90,98,3.5182608695652173
90,289,3.5182608695652173
250,496,3.5182608695652173
250,7,3.5182608695652173
271,346,3.5182608695652173
271,378,3.5182608695652173
94,1224,3.5182608695652173
94,184,3.5182608695652173
94,1220,3.5182608695652173
128,508,3.5182608695652173
82,135,3.5182608695652173
82,183,3.5182608695652173
43,815,3.5182608695652173
43,137,3.5182608695652173
269,246,3.5182608695652173
269,217,3.5182608695652173
85,427,3.5182608695652173
213,176,3.5182608695652173
268,145,3.5182608695652173
268,436,3.5182608695652173
268,824,3.5182608695652173
268,147,3.5182608695652173
5,439,3.5182608695652173
18,26,3.5182608695652173
26,258,3.5182608695652173
130,216,3.5182608695652173
1,202,3.5182608695652173
1,171,3.5182608695652173
1,33,3.5182608695652173
1,160,3.5182608695652173
56,71,3.5182608695652173
207,476,3.5182608695652173
83,78,3.5182608695652173
272,178,3.5182608695652173
151,176,3.5182608695652173
14,98,3.5182608695652173
214,478,3.5182608695652173
214,334,3.5182608695652173
100,344,3.5182608695652173
307,89,3.5182608695652173
193,941,3.5182608695652173
275,597,3.5182608695652173
302,303,3.5182608695652173
23,385,3.5182608695652173
296,508,3.5182608695652173
33,872,3.5182608695652173
77,484,3.5182608695652173
184,187,3.5182608695652173
240,879,3.5182608695652173
144,699,3.5182608695652173
191,302,3.5182608695652173
191,286,3.5182608695652173
142,169,3.5182608695652173
21,370,3.5182608695652173
197,346,3.5182608695652173
197,96,3.5182608695652173
236,632,3.5182608695652173
263,96,3.5182608695652173
257,137,3.5182608695652173
285,191,3.5182608695652173
116,350,3.5182608695652173
235,185,3.5182608695652173
129,873,3.5182608695652173
131,126,3.5182608695652173
230,742,3.5182608695652173
288,593,3.5182608695652173
79,303,3.5182608695652173
107,333,3.5182608695652173
226,242,3.5182608695652173
306,235,3.5182608695652173
274,405,3.5182608695652173
48,609,3.5182608695652173
311,432,3.5182608695652173
205,304,3.5182608695652173
