1,1,2.9978520567292413
2,13,2.9978520567292413
3,28,2.030464287916574
1050,121,2.2509930343759765
1051,1359,3.700362089321133
1052,252,2.1497502088579625
1053,257,2.9978520567292413
1054,215,2.9978520567292413
1055,7,2.9978520567292413
1056,252,2.0512491117435094
1057,1,2.9978520567292413
1058,215,2.9978520567292413
1059,197,3.854698859441474
1060,1226,3.151077246433538
1061,215,1.2133910095539997
1062,250,2.9978520567292413
1063,11,2.9978520567292413
1064,781,3.037410105740757
1065,17,3.1485448183765867
1066,10,2.9978520567292413
1067,214,3.0194704049844234
1068,12,3.0483074753173485
1069,239,2.9978520567292413
1070,248,3.4307571415364704
1071,5,2.9978520567292413
1072,12,2.9978520567292413
1073,219,2.9978520567292413
1074,1,2.9978520567292413
1075,1,3.4767441860465116
1076,1225,2.5719974655691358
1077,248,3.285134566683141
1078,236,3.3763026767210684
1079,905,2.932665333295798
1080,219,2.9978520567292413
1081,9,2.7397900263630195
1082,11,2.9978520567292413
1083,235,2.9978520567292413
1084,218,3.8782537662611305
1085,8,3.0508500166604264
1086,206,2.9978520567292413
1087,215,3.387285001084744
1088,207,4.0
1089,11,3.278711652152325
1090,215,2.9978520567292413
1091,207,2.9978520567292413
1092,245,2.9978520567292413
1093,216,2.9978520567292413
1094,219,2.9978520567292413
1095,212,2.975251664659196
1096,211,3.5082334364421435
1097,1656,2.9978520567292413
1098,215,2.9978520567292413
1099,3,3.539553682456061
1100,4,3.4222235251198665
1101,2,3.963092463092463
1102,1843,2.9978520567292413
1103,219,2.9978520567292413
1104,1846,1.25
1105,215,2.9978520567292413
1106,2,2.9978520567292413
1107,215,2.9978520567292413
1108,236,3.6122806931891964
1109,234,2.3261550219130305
1110,257,2.9978520567292413
1111,216,3.2682250715310004
1112,219,3.9467024539877302
1113,5,2.9978520567292413
1114,1848,2.9978520567292413
1115,247,3.360833781166145
1116,17,2.9978520567292413
1117,1,2.9978520567292413
1118,205,2.9978520567292413
1119,207,2.9978520567292413
1120,10,2.9978520567292413
1121,10,2.9978520567292413
1122,255,3.282415818411742
1123,8,2.9978520567292413
1124,215,3.1646871603788234
1125,7,2.9978520567292413
1126,250,3.5959511521620677
1127,12,2.9978520567292413
1128,215,2.9978520567292413
1129,11,2.9978520567292413
1130,2,3.1624344489119167
1131,7,2.9978520567292413
1132,11,3.2905438186389095
1133,805,3.2238165782357613
1134,257,2.9978520567292413
1135,1,2.9978520567292413
1136,257,2.9978520567292413
1137,7,2.9978520567292413
1138,235,3.2303878899003378
1139,216,2.0206346630625553
1140,17,3.8632992327365727
1141,7,2.9978520567292413
1142,254,3.094970934298825
1143,207,2.9978520567292413
1144,250,4.0
1145,207,2.9978520567292413
1146,206,2.018758038099236
1147,593,2.802882699272703
1148,84,1.9729341731474208
1149,434,3.532533524232845
1150,7,2.9978520567292413
1151,484,2.9978520567292413
1152,245,3.887423623715776
1153,438,2.7742793007733186
1154,13,2.9978520567292413
1155,2,2.566405126204435
1156,239,2.9978520567292413
1157,13,2.952132030518605
1158,236,3.4817170475030386
1159,756,1.4934419616456291
1160,781,3.05636383756954
1161,217,3.7955039641474793
1162,1861,0.5
1163,1866,2.9978520567292413
1164,212,2.343947069401358
1165,210,2.464257364423106
1166,4,2.9978520567292413
1167,8,2.9978520567292413
1168,211,3.6176391796270773
1169,8,2.9978520567292413
1170,13,2.9978520567292413
1171,13,2.9978520567292413
1172,7,2.9978520567292413
1173,1871,2.9978520567292413
1174,913,3.9888185802912473
1175,241,2.833367410339691
1176,588,2.9978520567292413
1177,7,2.9978520567292413
1178,17,4.0
1179,205,2.9978520567292413
1180,7,4.0
1181,215,2.9978520567292413
1182,13,2.9978520567292413
1183,8,3.395786334833061
1184,12,1.9355623772781327
1185,12,3.3752305522404256
1186,241,2.9978520567292413
1187,20,2.152820739592558
1188,11,3.446623372563674
1189,9,3.1184961070618256
1190,215,2.9978520567292413
1191,207,2.9978520567292413
1192,247,0.9632917466410746
1193,235,3.3131515047178888
1194,211,3.9624842493323365
1195,17,2.9978520567292413
1196,219,2.9978520567292413
1197,9,3.413582514389372
1198,239,2.9920955856999596
1199,522,3.694078187237624
1200,1442,4.0
1201,7,4.0
1202,219,3.2905698322245795
1203,257,3.9268908928426356
1204,2,2.9978520567292413
1205,2,2.9978520567292413
1206,10,2.9978520567292413
1207,8,2.9978520567292413
1208,592,1.740176897826559
1209,253,2.715132340623422
1210,236,3.65920754394218
1211,1,2.9978520567292413
1212,1940,1.67384729447505
1213,234,2.9978520567292413
1214,250,3.4303651679603995
1215,216,2.9978520567292413
1216,215,2.9978520567292413
1217,219,2.9978520567292413
1218,244,2.795282381201938
1219,10,2.9978520567292413
1220,2,2.9978520567292413
1221,3,2.9978520567292413
1222,215,2.9978520567292413
1223,1953,0.5442841194865928
1224,255,2.9978520567292413
1225,5,3.0990938998969195
1226,3,3.053851803615452
1227,215,2.9978520567292413
1228,2,3.463902759737545
1229,1597,2.558613150865108
1230,5,4.0
1231,84,2.9583333333333335
1232,257,3.2400673400673403
1233,216,2.9978520567292413
1234,246,3.1047903839496493
1235,206,2.8164350748233256
1236,213,2.6948032774784085
1237,1711,3.412037037037037
1238,84,3.7480512561902404
1239,2,2.9978520567292413
1240,10,2.9978520567292413
1241,210,2.5761842297422746
1242,3,2.9978520567292413
1243,1,2.9978520567292413
1244,11,2.3002022933678896
1245,17,2.9978520567292413
1246,212,1.7881276929414662
1247,787,3.608350057207925
1248,213,4.0
1249,401,2.8615416304707426
1250,239,3.171132376395534
1251,254,3.560185185185185
1252,235,2.685821291624164
1253,11,2.9978520567292413
1254,236,3.2159897458190674
1255,943,2.5311510432760955
1256,220,2.9978520567292413
1257,212,3.2156434314221
1258,1,1.5635068583048322
1259,1,2.9978520567292413
1260,3,2.9978520567292413
1261,219,2.9978520567292413
1262,215,2.9978520567292413
1263,214,2.65681588823945
1264,262,2.9978520567292413
1265,5,4.0
1266,218,4.0
1267,234,3.514081624298989
1268,207,2.9978520567292413
1269,7,3.166407028058855
1270,2,3.3158708001771324
1271,5,2.7219774555457232
1272,877,2.5666451595579955
1273,1,2.9978520567292413
1274,8,2.6704141720985084
1275,13,2.9978520567292413
1276,216,2.9978520567292413
1277,236,2.9978520567292413
1278,205,3.3767241379310344
1279,220,3.457342608953785
1280,206,3.60877614136751
1281,12,2.9978520567292413
1282,220,2.9978520567292413
1283,207,3.387840174675339
1284,11,2.9978520567292413
1285,213,2.9978520567292413
1286,236,3.858232290566327
1287,7,3.662007903834623
1288,251,3.041097888776373
1289,245,2.924923705192349
1290,11,2.9978520567292413
1291,9,4.0
1292,239,2.348839347172709
1293,6,2.9978520567292413
1294,253,2.9978520567292413
1295,241,1.889756471834497
1296,219,2.9978520567292413
1297,84,2.991728837793776
1298,787,3.4067841702693715
1299,236,3.029835574194649
1300,241,2.956734828341488
1301,11,3.5804966627745456
1302,9,3.2166998247171787
1303,1353,2.9978520567292413
1304,245,2.5883690583339822
1305,12,3.5680958463688497
1306,215,2.9978520567292413
1307,12,3.3113809329833575
1308,217,3.1292123824451408
1309,1,3.7267441860465116
1310,205,2.9978520567292413
1311,255,2.9978520567292413
1312,1,2.9978520567292413
1313,1598,0.9756637168141591
1314,13,2.9978520567292413
1315,215,2.9978520567292413
1316,254,2.9978520567292413
1317,253,3.1638678451178452
1318,244,3.604263273023348
1319,1,2.9978520567292413
1320,7,2.9978520567292413
1321,11,2.9978520567292413
1322,213,2.9978520567292413
1323,215,2.9978520567292413
1324,2,2.9978520567292413
1325,3,2.9978520567292413
1326,205,2.9978520567292413
1327,7,2.9978520567292413
1328,286,4.0
1329,215,2.9978520567292413
1330,1555,2.8333333333333335
1331,1121,2.9978520567292413
1332,241,3.3501441353038315
1333,1983,2.9978520567292413
1334,7,2.9978520567292413
1335,12,2.906983555583966
1336,236,3.362024562592921
1337,213,2.9978520567292413
1338,257,2.538490336044854
1339,2,2.9978520567292413
1340,236,2.9978520567292413
1341,17,3.0856872924380654
1342,250,3.0252971433276152
1343,4,2.9978520567292413
1344,258,2.9978520567292413
1345,250,2.9978520567292413
1346,10,3.719855021216407
1347,215,2.9978520567292413
1348,548,1.6659573958241887
1349,215,2.9978520567292413
1350,17,2.9978520567292413
1351,207,2.9978520567292413
1352,246,3.4018911714728057
1353,2,2.9978520567292413
1354,11,2.9978520567292413
1355,17,2.6747932021774226
1356,215,2.9978520567292413
1357,3,3.561511773431635
1358,2,2.9978520567292413
1359,11,3.5352333595111514
1360,215,3.6286163811913537
1361,17,3.445376633322952
1362,236,2.9978520567292413
1363,233,2.7090545516810987
1364,3,2.9978520567292413
1365,511,3.372886565681228
1366,17,4.0
1367,7,2.9978520567292413
1368,7,2.9978520567292413
1369,3,3.701853901494189
1370,257,2.9876636568699846
1371,17,2.9978520567292413
1372,254,2.9978520567292413
1373,241,2.9978520567292413
1374,211,3.565598290598291
1375,220,2.6091951551228387
1376,2,2.9978520567292413
1377,234,2.9978520567292413
1378,5,2.9978520567292413
1379,234,3.1900396317917132
1380,7,2.9978520567292413
1381,215,2.9978520567292413
1382,3,2.9978520567292413
1383,13,3.645815718282006
1384,215,2.9978520567292413
1385,12,3.6228439342542957
1386,728,3.4402674715254506
1387,211,3.7036262501766624
1388,236,2.130950369727275
1389,213,2.9978520567292413
1390,2,2.9978520567292413
1391,11,2.9978520567292413
1392,12,1.866380104754782
1393,252,3.8634878803245236
1394,510,1.8031210978030319
1395,215,2.9978520567292413
1396,253,2.5080509746546755
1397,1263,3.775537634408602
1398,2043,2.9978520567292413
1399,241,1.0489631553197096
1400,521,2.9978520567292413
1401,214,2.9978520567292413
1402,1,1.9907012104437063
1403,215,2.9978520567292413
1404,11,2.9978520567292413
1405,251,3.245505611457354
1406,328,2.9978520567292413
1407,638,3.9826946530311247
1408,1379,4.0
1409,207,2.9978520567292413
1410,215,2.9978520567292413
1411,215,2.9978520567292413
1412,9,2.9978520567292413
1413,512,2.9978520567292413
1414,206,2.7189915545501973
1415,4,2.9978520567292413
1416,206,3.490990972064074
1417,235,2.9275787932470863
1418,787,3.8290859182569257
1419,11,2.9978520567292413
1420,245,3.6092650484098985
1421,12,2.9978520567292413
1422,369,2.9978520567292413
1423,215,3.9758780201876815
1424,10,3.0207083873693925
1425,210,2.2021310675367145
1426,17,2.9978520567292413
1427,257,2.9978520567292413
1428,236,3.8627418293991105
1429,207,4.0
1430,207,3.1439869484980463
1431,84,3.537815254824654
1432,12,2.899753862388884
1433,1,2.9978520567292413
1434,7,4.0
1435,12,3.2297432391075014
1436,10,2.9978520567292413
1437,1436,3.9129957920256557
1438,244,2.1033573475671106
1439,13,3.163929737254496
1440,213,2.9978520567292413
1441,215,4.0
1442,220,2.9978520567292413
1443,9,3.6389770656679756
1444,245,1.5629045647211803
1445,257,2.9978520567292413
1446,257,1.5148392982240275
1447,2,2.9978520567292413
1448,247,3.3572398794565426
1449,10,2.9978520567292413
1450,9,3.7318251457942075
1451,234,2.8569373474234703
1452,207,2.2529975490867216
1453,233,2.7100676634773513
1454,256,2.208876673860735
1455,239,2.9978520567292413
1456,218,2.9978520567292413
1457,215,3.0979108035063687
1458,241,4.0
1459,214,2.48204901873386
1460,253,2.8577784234797763
1461,246,2.807384734708498
1462,214,2.5175518311929532
1463,341,3.2691696555246597
1464,253,2.1494947586094892
1465,11,4.0
1466,1029,3.5970858908971692
1467,7,3.1858267876222692
1468,550,3.0452951114451245
1469,12,2.4060188600468138
1470,251,2.730343796486733
1471,12,3.214974141984015
1472,5,2.9978520567292413
1473,257,2.9978520567292413
1474,205,3.1595755982347957
1475,245,2.9377154761090063
1476,9,4.0
1477,11,2.9978520567292413
1478,248,2.496487834269914
1479,11,2.9978520567292413
1480,256,2.699605143887637
1481,1038,1.2678571428571426
1482,11,2.9978520567292413
1483,84,2.4740134970121637
1484,215,2.9978520567292413
1485,6,2.9565498386727422
1486,210,3.0421667305729185
1487,207,2.9978520567292413
1488,550,3.2404476180945734
1489,207,2.9978520567292413
1490,1340,3.342644978783593
1491,1565,2.798135004686441
1492,211,3.5239316239316243
1493,297,3.6352079248214846
1494,10,2.9978520567292413
1495,7,2.9542078217400567
1496,12,3.0017344518214153
1497,534,3.193138725542114
1498,2,2.6635932513679976
1499,217,3.8955298268236787
1500,307,2.4929653067076027
1501,10,2.4411999345472792
1502,214,2.788875040896502
1503,205,2.9978520567292413
1504,10,2.87319290613332
1505,389,2.2023808545393266
1506,235,2.9978520567292413
1507,219,2.9978520567292413
1508,253,2.8426122561489375
4,3,2.9978520567292413
5,208,2.9978520567292413
6,2,4.0
7,1,2.9978520567292413
8,215,2.9978520567292413
9,218,2.9978520567292413
10,213,2.9978520567292413
11,219,2.9978520567292413
12,3,2.9978520567292413
13,227,3.4378524266540214
14,235,2.9978520567292413
15,2,2.9978520567292413
16,219,2.9978520567292413
17,215,3.1910029498525074
18,9,2.9978520567292413
19,240,3.1777907175962836
20,207,2.8558612440191387
21,234,3.5333409930903947
22,235,2.9978520567292413
23,7,2.9978520567292413
24,259,2.9978520567292413
25,3,3.5568741241516904
26,214,2.9978520567292413
27,219,3.4675357873210637
28,239,3.347828261965671
29,265,2.6588587159387473
30,206,2.0639595891222458
31,213,2.9978520567292413
32,205,3.310057471264368
33,206,2.9978520567292413
34,12,2.9978520567292413
35,309,2.391743535265155
36,10,2.9978520567292413
37,1,4.0
38,210,1.31267861909768
39,241,2.9978520567292413
40,235,2.9978520567292413
41,13,2.9978520567292413
42,212,0.5
43,213,2.9978520567292413
44,4,2.9978520567292413
45,4,3.880748327759197
46,4,2.9978520567292413
47,313,3.928107469955473
48,11,2.9978520567292413
49,11,2.9978520567292413
50,11,2.9978520567292413
51,328,2.9978520567292413
52,213,2.9978520567292413
53,8,3.869276872431241
54,257,2.9978520567292413
55,1,4.0
56,13,2.5541835908538646
57,17,2.9978520567292413
58,239,2.9978520567292413
59,243,2.9978520567292413
60,318,3.3989406757228733
61,211,2.9978520567292413
62,11,2.9978520567292413
63,342,4.0
64,2,2.9632388663236675
65,220,3.0952380952380953
66,1,3.7267441860465116
67,7,2.9978520567292413
68,17,4.0
69,236,2.9978520567292413
70,236,2.9978520567292413
71,9,2.9978520567292413
72,247,3.6147244300406527
73,205,2.5639220761302033
74,261,2.9978520567292413
75,7,2.9978520567292413
76,13,2.9978520567292413
77,215,2.9978520567292413
78,356,1.9573019011818955
79,443,2.933168773329814
80,2,3.6721425660465723
81,407,1.275441373259227
82,551,2.6574884437595134
83,244,2.693411079468273
84,9,3.7325945664999582
85,219,2.9978520567292413
86,5,4.0
87,12,2.9978520567292413
88,219,2.9978520567292413
89,211,2.9978520567292413
90,1,2.9978520567292413
91,212,2.7884320439273815
92,211,2.9978520567292413
93,9,2.9978520567292413
94,234,3.483308203819686
95,578,2.9978520567292413
96,1,3.7594237601709306
97,217,2.321469746582303
98,597,2.341402315549349
99,5,2.9978520567292413
100,215,2.9978520567292413
101,216,2.9978520567292413
102,2,2.9978520567292413
103,459,3.1875
104,216,2.9978520567292413
105,7,2.9978520567292413
106,10,2.9978520567292413
107,215,4.0
108,10,2.9978520567292413
109,358,3.588228438228438
110,2,3.4353146853146854
111,2,2.4598195100311693
112,207,2.2399644180982916
113,9,2.9978520567292413
114,9,2.9978520567292413
115,241,3.0934545630898413
116,10,3.433766966559773
117,11,2.9978520567292413
118,12,2.9978520567292413
119,207,2.9978520567292413
120,7,4.0
121,214,2.9529651410852016
122,215,2.9978520567292413
123,257,2.9978520567292413
124,205,3.251522605731614
125,13,2.9978520567292413
126,4,3.113667582417582
127,2,2.8966059131986603
128,248,2.0400917411095048
129,213,4.0
130,215,2.9978520567292413
131,251,2.9978520567292413
132,7,2.9978520567292413
133,2,2.9978520567292413
134,241,2.9978520567292413
135,210,2.943535174573739
136,630,2.7467789144643366
137,236,3.3131798394072542
138,210,2.399656054344106
139,251,3.4963179022656288
140,11,2.9978520567292413
141,10,3.7406883545497407
142,250,3.496367412920944
143,431,2.9978520567292413
144,17,3.1149510257496096
145,239,2.9978520567292413
146,9,2.7869911746819547
147,247,2.45241221664864
148,12,2.9978520567292413
149,7,2.9978520567292413
150,220,3.043750719287532
151,9,2.9978520567292413
152,236,2.823549741046663
153,468,3.5212121212121215
154,666,4.0
155,3,3.0499848092200894
156,205,2.7514044507688484
157,219,2.9978520567292413
158,10,2.9978520567292413
159,2,3.6365341975098073
160,10,2.9978520567292413
161,211,3.28954027556326
162,431,0.592268041237114
163,12,2.9978520567292413
164,776,4.0
165,802,2.9978520567292413
166,213,3.2818587364321625
167,10,2.825076540203749
168,213,2.9931733623435464
169,254,3.0855086003340224
170,341,0.9917391304347829
171,216,3.658149978256472
172,257,3.9114137843564416
173,236,2.9978520567292413
174,236,2.1108206163497814
175,219,2.551923972975072
176,217,2.559071578345899
177,235,2.7250881834215166
178,5,2.386305028130861
179,236,4.0
180,235,2.9978520567292413
181,234,2.9978520567292413
182,3,2.9978520567292413
183,7,4.0
184,8,3.6097285067873304
185,243,2.8782269497074573
186,215,2.9978520567292413
187,253,2.6674082686277742
188,11,3.069589128488864
189,1,2.6267441860465115
190,233,2.540344599850789
191,3,2.9978520567292413
192,318,3.768474636328123
193,10,2.4907611790866
194,255,2.9978520567292413
195,11,2.9978520567292413
196,2,4.0
197,253,2.4983051084538155
198,1,3.3886496446273915
199,859,3.190269390009231
200,13,3.509744414295529
201,250,2.8713229423146056
202,234,3.215929714502042
203,906,2.25
204,210,3.8677550958884566
205,215,3.827705381128937
206,241,3.0362274474217634
207,205,2.9978520567292413
208,12,3.535434846591061
209,243,2.3886585551660815
210,7,2.9978520567292413
211,10,2.9978520567292413
212,239,2.9978520567292413
213,714,2.9978520567292413
214,17,2.9978520567292413
215,207,2.9978520567292413
216,215,2.9978520567292413
217,254,2.9978520567292413
218,12,2.4815694865860634
219,236,2.935397222799114
220,6,3.06396158781701
221,915,2.9978520567292413
222,4,2.9978520567292413
223,249,2.792908248200002
224,236,4.0
225,17,3.9696004140120036
226,17,2.9978520567292413
227,212,3.429130975994549
228,235,2.7374775082294494
229,404,2.9978520567292413
230,208,2.9978520567292413
231,16,3.838020843905964
232,494,2.7821001677146917
233,11,2.9978520567292413
234,233,2.9978520567292413
235,11,2.7919761001991903
236,13,2.9978520567292413
237,233,0.8366104078762309
238,219,3.9511284382571885
239,219,2.9978520567292413
240,11,2.9978520567292413
241,239,2.9978520567292413
242,11,2.9978520567292413
243,933,1.8304378553092553
244,6,2.9978520567292413
245,239,3.0991617533815456
246,591,2.404761904761905
247,279,2.9978520567292413
248,9,2.4587030179055174
249,205,2.9532721448891066
250,233,3.4325618471310984
251,8,2.9978520567292413
252,484,2.9978520567292413
253,7,2.9978520567292413
254,936,2.9978520567292413
255,5,2.9978520567292413
256,255,2.9978520567292413
257,7,4.0
258,10,2.9978520567292413
259,84,1.6615187583491444
260,207,2.9978520567292413
261,216,4.0
262,11,2.9978520567292413
263,2,2.9978520567292413
264,252,2.792866610411518
265,253,3.3937486382785798
266,206,2.9978520567292413
267,13,2.9978520567292413
268,13,2.9978520567292413
269,425,2.473856183959101
270,244,2.4421693410975482
271,1,1.1353667487558954
272,604,2.8246919821074705
273,7,2.495095753160705
274,216,4.0
275,554,2.9978520567292413
276,244,2.927536249445977
277,588,2.9978520567292413
278,206,3.503614182784328
279,4,3.3638546174965973
280,212,1.678985212209682
281,251,3.2487378443190935
282,5,2.9978520567292413
283,1025,2.9978520567292413
284,1035,3.320451106945093
285,211,3.9181819140230654
286,8,2.9978520567292413
287,207,2.9978520567292413
288,121,2.9978520567292413
289,257,2.9978520567292413
290,11,2.9978520567292413
291,215,2.9978520567292413
292,212,3.7942646929595494
293,17,2.842404398801409
294,9,2.434611326201604
295,253,2.3594605515641276
296,216,2.9978520567292413
297,220,2.9978520567292413
298,337,3.1495611905828818
299,211,3.90209464363741
300,1053,2.5819749224828006
301,6,3.380104377337947
302,13,3.4104163405070236
303,207,2.9978520567292413
304,442,2.9978520567292413
305,350,2.9978520567292413
306,17,2.9978520567292413
307,2,3.0994314695566567
308,1088,2.72872193135607
309,252,2.7998941925114975
310,522,2.655618207923298
311,210,3.317806076854334
312,7,3.1798195925167585
313,293,3.31866458702005
314,207,3.2913451149868806
315,215,3.784749152846069
316,1147,2.9746914315014497
317,2,3.2263301454587485
318,213,2.9978520567292413
319,257,1.5721248915868002
320,12,2.9659690815172057
321,13,2.9978520567292413
322,244,2.7985837425972893
323,686,2.1144928746586866
324,212,3.5844985562044207
325,246,3.3847351442446123
326,213,2.9978520567292413
327,250,2.9978520567292413
328,214,1.732640696707415
329,241,2.9978520567292413
330,236,3.609477048268346
331,219,2.9978520567292413
332,211,2.9978520567292413
333,2,1.1030362043020272
334,8,1.6107833591080054
335,248,2.89252210063034
336,8,2.9978520567292413
337,236,2.9978520567292413
338,11,2.9978520567292413
339,84,3.3125446488336605
340,313,3.342116298345293
341,245,3.6456489675516224
342,207,2.9978520567292413
343,7,2.9978520567292413
344,4,2.9978520567292413
345,307,3.7395190850420708
346,257,3.112790990551014
347,498,2.705954822426893
348,7,3.3850046860356136
349,215,3.602276676095774
350,205,3.551023335133385
351,217,2.9978520567292413
352,234,2.6708713747971586
353,255,2.1577081756283385
354,207,2.9978520567292413
355,509,2.56665229124515
356,210,1.1667645079842244
357,2,2.9978520567292413
358,2,2.9978520567292413
359,235,3.356498439831773
360,257,2.8361321548821548
361,793,3.205965419662117
362,212,3.2315145511762577
363,239,2.9978520567292413
364,2,3.7651277551280002
365,207,3.1693512983402794
366,7,2.9978520567292413
367,5,3.4896443146581966
368,254,1.709946933722983
369,13,2.9978520567292413
370,235,2.3928242994157487
371,1209,2.9978520567292413
372,8,2.9978520567292413
373,248,3.8133780332056193
374,10,2.310611813481693
375,211,3.636009343499548
376,241,2.9978520567292413
377,11,2.9978520567292413
378,236,3.741111593142273
379,3,2.9978520567292413
380,217,2.4019396551724137
381,13,3.537769422943286
382,233,2.0855555555555556
383,12,1.5354348465910612
384,215,2.482379603817773
385,255,2.9978520567292413
386,254,3.1693534010530917
387,451,3.5492424242424243
388,7,2.9978520567292413
389,215,2.473742309146995
390,4,2.9978520567292413
391,244,3.0378346786027883
392,220,3.40210904600203
393,257,3.218500407797859
394,13,2.9978520567292413
395,211,1.2227246513132148
396,1230,3.0521582513453853
397,10,2.9932241691976604
398,2,2.9978520567292413
399,207,2.9978520567292413
400,13,2.9978520567292413
401,2,3.7633853575306473
402,1252,2.0373917748917747
403,241,2.9978520567292413
404,255,4.0
405,13,3.7335102133972384
406,246,3.5756274221051285
407,1,2.9978520567292413
408,5,2.9978520567292413
409,134,3.021638948136862
410,10,2.9978520567292413
411,1,3.7040169133192387
412,207,2.2474156918248815
413,779,2.2171784742197578
414,10,2.9978520567292413
415,215,2.9978520567292413
416,8,2.3196734460749147
417,248,2.676479428791972
418,13,3.9143799227157094
419,207,2.9978520567292413
420,243,2.1894619203203027
421,11,2.9978520567292413
422,251,2.9978520567292413
423,10,2.9978520567292413
424,246,2.5783877232905916
425,249,2.2851599061848864
426,250,4.0
427,220,3.614898456978917
428,252,3.538679982617734
429,255,2.9978520567292413
430,585,2.8122580826500845
431,799,2.9978520567292413
432,12,2.9978520567292413
433,1269,2.9978520567292413
434,236,2.9978520567292413
435,207,3.2972244080974606
436,512,3.7142679764740127
437,233,1.8784183023481575
438,255,2.416609392898053
439,244,3.0779952507869988
440,10,2.9978520567292413
441,210,3.1709407581486464
442,206,3.4168974774258762
443,11,2.9978520567292413
444,245,3.6378212554689826
445,8,1.9550336711065794
446,7,2.9978520567292413
447,17,2.9978520567292413
448,507,1.5277384623091885
449,3,2.9978520567292413
450,215,2.9978520567292413
451,241,2.2894101662517725
452,219,3.969529797278274
453,212,1.166609691436121
454,10,2.9978520567292413
455,254,3.511095084815091
456,11,3.3756821585310752
457,205,2.4530463675022456
458,215,2.9978520567292413
459,205,3.0513115966166513
460,241,2.8903081428242823
461,5,3.2100309680189927
462,7,2.9978520567292413
463,13,4.0
464,234,2.767868830848466
465,213,2.9978520567292413
466,241,3.1886839439523285
467,7,2.815061640128112
468,13,2.8279209756107564
469,7,2.9978520567292413
470,1,2.9978520567292413
471,11,4.0
472,3,2.365181820565363
473,215,3.588581711479091
474,1,2.9978520567292413
475,213,2.9978520567292413
476,205,2.9978520567292413
477,250,2.84682232084443
478,431,2.6331839941019783
479,1300,2.9978520567292413
480,4,2.9978520567292413
481,1295,3.2266840194559254
482,2,2.9978520567292413
483,210,1.600068846519252
484,253,2.9978520567292413
485,253,3.488873586157721
486,215,2.9978520567292413
487,216,2.658892268447876
488,13,3.78776048875043
489,520,3.4861972533086987
490,254,3.2498863797379594
491,12,2.9978520567292413
492,1,3.7982962595831022
493,7,2.9978520567292413
494,255,2.957288775474593
495,235,3.1304122738269053
496,705,4.0
497,11,2.9978520567292413
498,1306,2.9978520567292413
499,17,2.9978520567292413
500,210,3.4372992935442177
501,11,2.9978520567292413
502,219,2.6689250424068165
503,729,4.0
504,4,2.9978520567292413
505,251,2.6960764274171853
506,10,3.044411058267248
507,4,3.50918197999592
508,1,2.9142666260983674
509,488,3.0490323072031678
510,1328,2.9978520567292413
511,215,2.9978520567292413
512,2,2.9978520567292413
513,7,2.9978520567292413
514,239,2.9978520567292413
515,213,2.9978520567292413
516,17,2.9978520567292413
517,4,3.440956006435432
518,7,2.9978520567292413
519,1,2.8718080059781537
520,13,2.9978520567292413
521,2,2.9978520567292413
522,207,2.9978520567292413
523,10,3.1346277484891343
524,781,3.0931643983038044
525,11,2.9978520567292413
526,13,4.0
527,235,2.9978520567292413
528,205,3.3887284305195218
529,508,4.0
530,1,3.658648414892334
531,299,4.0
532,11,2.9978520567292413
533,1001,3.418407814068439
534,251,2.9978520567292413
535,253,2.718737912001967
536,7,3.1915570070798456
537,251,2.7518692298404934
538,234,3.710574498504821
539,215,3.8496117048771565
540,217,3.1855676343779686
541,245,3.0110622384057897
542,9,3.660656598287837
543,215,2.9978520567292413
544,254,3.544692414043001
545,215,2.9978520567292413
546,1348,3.0013770056902405
547,217,2.2329793842833823
548,255,1.521853859312516
549,244,2.4429893161103373
550,233,0.5
551,241,2.9978520567292413
552,12,2.9978520567292413
553,11,2.9978520567292413
554,318,3.9474804478567402
555,235,3.492201450254094
556,3,3.5380891711610696
557,211,2.3488726733850314
558,13,2.9978520567292413
559,234,2.170604405099533
560,11,2.9978520567292413
561,239,3.6063491438756325
562,2,2.154443743929877
563,7,0.7459672528805337
564,9,2.9978520567292413
565,241,2.9978520567292413
566,10,3.188593588344743
567,206,2.9978520567292413
568,257,2.641989377325629
569,5,1.7827380952380953
570,4,3.5976739566767746
571,219,3.790094674040254
572,11,3.3728222996515678
573,236,2.9978520567292413
574,206,2.9978520567292413
575,1,2.9978520567292413
576,215,4.0
577,211,2.9978520567292413
578,218,3.3598020167755958
579,5,2.9978520567292413
580,256,3.081923563430724
581,7,2.9978520567292413
582,104,2.9978520567292413
583,7,2.9978520567292413
584,219,3.919916739702016
585,257,2.110174375051877
586,215,3.8160029498525074
587,638,3.267080750894996
588,872,1.0258921358943853
589,5,4.0
590,251,3.696046270896238
591,750,3.5088837695782886
592,7,3.6577319587628865
593,13,3.7969160104986877
594,10,2.9978520567292413
595,7,2.9978520567292413
596,215,2.9978520567292413
597,241,2.9978520567292413
598,3,2.9978520567292413
599,1,2.9978520567292413
600,205,0.8944456569183763
601,234,2.9035029413836204
602,215,2.9978520567292413
603,215,2.9978520567292413
604,2,2.9978520567292413
605,1372,2.9978520567292413
606,10,2.43464445079219
607,17,2.9978520567292413
608,7,4.0
609,7,2.9978520567292413
610,239,3.8615811681101486
611,1,2.9978520567292413
612,215,3.9910029498525073
613,7,2.5634418782122648
614,7,3.2453893199585897
615,220,3.5691164030929525
616,3,2.8828240374832994
617,254,3.2049201148503808
618,219,3.562153118830297
619,309,3.17989417989418
620,172,2.601661480901849
621,8,2.9978520567292413
622,255,3.229240625925392
623,205,2.9978520567292413
624,577,2.9978520567292413
625,1,2.9978520567292413
626,1383,2.539866043870328
627,215,2.9978520567292413
628,214,3.428104766172665
629,205,2.9978520567292413
630,253,2.6768510088900244
631,234,3.034620351960881
632,234,3.7768267223382046
633,257,2.91053359343046
634,600,2.952437785957109
635,12,2.9978520567292413
636,159,2.1279761904761907
637,241,2.2890357498857563
638,717,3.7221699692412344
639,205,2.9978520567292413
640,1402,2.9978520567292413
641,8,2.9978520567292413
642,12,2.9978520567292413
643,233,3.4412769485903816
644,760,2.6812721732053144
645,13,3.86599287758918
646,205,3.9875353482940397
647,219,3.8842024539877302
648,217,2.9978520567292413
649,215,2.9978520567292413
650,253,2.9143404141577127
651,7,2.9978520567292413
652,8,2.9978520567292413
653,252,2.576989242156699
654,1,2.9978520567292413
655,245,2.9978520567292413
656,252,2.7185033470383133
657,12,2.476973119977658
658,215,4.0
659,678,2.517911681949137
660,4,3.149119148057813
661,254,2.295058414205255
662,255,3.4008223831038378
663,219,2.9978520567292413
664,12,2.9978520567292413
665,246,2.4214767512418485
666,12,2.515761903319663
667,84,0.5537487975418101
668,216,3.6257969217333725
669,251,3.0520261860533995
670,1430,2.9978520567292413
671,13,3.4487721986981184
672,9,3.886378378393057
673,206,2.3668830357449036
674,1,3.8842782024871356
675,11,4.0
676,13,2.9978520567292413
677,206,3.819109856090249
678,251,2.9978520567292413
679,215,2.9978520567292413
680,1443,3.9493099541070853
681,236,2.9978520567292413
682,11,2.9978520567292413
683,205,3.399695528436229
684,236,2.9978520567292413
685,216,1.1559262592651132
686,1,2.9978520567292413
687,207,3.378249303720631
688,13,2.9978520567292413
689,250,2.9978520567292413
690,257,1.8696969696969696
691,205,2.9978520567292413
692,234,2.9978520567292413
693,6,3.2562067078249006
694,121,4.0
695,7,4.0
696,242,3.356691390338936
697,7,3.2432060561538383
698,8,3.920334567393391
699,2,2.9978520567292413
700,7,2.9978520567292413
701,4,2.9978520567292413
702,3,3.1677847199594735
703,239,2.9978520567292413
704,262,1.9090363543422664
705,4,3.6220402929399764
706,213,3.107281725869906
707,2,4.0
708,1508,3.8333333333333335
709,11,2.9978520567292413
710,215,2.9978520567292413
711,9,3.7971957752343557
712,213,2.9978520567292413
713,12,2.9978520567292413
714,234,2.430337505045283
715,1,2.9978520567292413
716,6,3.0391422811738464
717,12,2.9978520567292413
718,235,2.9978520567292413
719,210,2.734440838858184
720,215,2.9978520567292413
721,234,2.9978520567292413
722,1510,2.9978520567292413
723,250,2.9978520567292413
724,245,3.7894868100674404
725,7,3.0147938811998505
726,254,3.8967077011137787
727,4,3.380748327759197
728,1516,3.192806803960623
729,220,2.2597567964839667
730,206,3.8323138308630993
731,5,2.9978520567292413
732,11,3.4039121887803963
733,218,2.3701558920462786
734,1,2.9978520567292413
735,236,3.613206372831628
736,11,2.9978520567292413
737,2,2.9978520567292413
738,241,3.0518597685104405
739,218,3.3865529786237096
740,17,3.813299232736573
741,211,2.9978520567292413
742,241,2.9978520567292413
743,207,2.9978520567292413
744,206,3.9048289738430584
745,121,2.9978520567292413
746,239,3.276744819311247
747,215,3.345207942198216
748,11,2.9978520567292413
749,7,2.9978520567292413
750,256,0.5
751,236,2.9978520567292413
752,211,4.0
753,2,2.9978520567292413
754,12,2.9978520567292413
755,779,2.273711745596367
756,1,3.3517441860465116
757,3,3.310942912305444
758,12,2.9978520567292413
759,241,4.0
760,12,2.621987222521754
761,233,3.5960384960322163
762,5,4.0
763,11,4.0
764,239,3.1197353591943306
765,11,2.9978520567292413
766,215,3.931132053638721
767,234,2.9978520567292413
768,17,2.9978520567292413
769,4,2.859418776307069
770,236,3.708248055669259
771,1535,2.9978520567292413
772,12,2.9978520567292413
773,318,4.0
774,216,3.1658546555912364
775,604,2.57588284973012
776,10,2.9978520567292413
777,3,2.9978520567292413
778,11,4.0
779,11,2.9978520567292413
780,245,3.08896088294148
781,2,3.9640175788523004
782,234,3.212716515778155
783,219,2.9978520567292413
784,7,2.6952841392553486
785,13,4.0
786,3,3.5233439644728284
787,11,2.9978520567292413
788,233,3.2096781053650876
789,17,2.9978520567292413
790,10,2.5651140499628657
791,235,2.920548888028563
792,11,2.9978520567292413
793,13,4.0
794,235,2.920548888028563
795,205,3.3469732174475557
796,257,2.9978520567292413
797,248,2.278064282955682
798,536,2.9978520567292413
799,13,2.9978520567292413
800,213,3.506421357116846
801,12,2.9928787221035558
802,13,2.9978520567292413
803,2,2.9978520567292413
804,310,2.9978520567292413
805,213,2.9978520567292413
806,1538,2.9978520567292413
807,205,2.9978520567292413
808,207,3.4183612440191387
809,235,2.9978520567292413
810,1,3.5005931080308663
811,309,2.9978520567292413
812,217,2.362128962836649
813,3,3.4241837959127044
814,5,2.9889798219153105
815,5,1.0401921112258163
816,236,3.749111258912987
817,207,4.0
818,233,3.1547322666296553
819,4,2.9978520567292413
820,236,2.9978520567292413
821,234,4.0
822,207,2.9978520567292413
823,207,2.9978520567292413
824,243,2.9898545840827873
825,1234,2.1611196989989034
826,211,4.0
827,4,3.7074842135476462
828,257,3.045004290531091
829,491,2.639284314936396
830,478,3.069372687400714
831,250,3.1229648730486814
832,215,2.9978520567292413
833,10,2.9978520567292413
834,235,2.9978520567292413
835,11,2.9978520567292413
836,248,2.935868640180002
837,8,2.7847527153682843
838,4,2.4083446812831237
839,1029,3.1239860967809863
840,12,2.9978520567292413
841,11,3.5475045346547205
842,233,2.663336531024141
843,216,2.875
844,205,2.9978520567292413
845,477,3.540608769264417
846,11,4.0
847,662,2.4477095602601135
848,1630,3.498015527349151
849,787,2.9214805415916447
850,241,2.9978520567292413
851,207,3.2634823059274765
852,3,2.310942912305444
853,1635,2.9978520567292413
854,10,3.7259281539296496
855,1123,2.9978520567292413
856,257,2.9978520567292413
857,1123,3.363041384007069
858,465,2.9978520567292413
859,7,3.5656056799736726
860,207,2.9978520567292413
861,589,4.0
862,4,4.0
863,2,2.9978520567292413
864,247,2.984054052188756
865,235,2.702863973071536
866,7,3.2827319587628865
867,243,2.0919196758050207
868,12,2.9978520567292413
869,84,2.966435185185185
870,213,2.9978520567292413
871,213,4.0
872,211,2.9978520567292413
873,2,3.4245615126688453
874,220,3.455860612221386
875,12,2.9978520567292413
876,7,2.9978520567292413
877,13,2.9978520567292413
878,212,3.1381783163897605
879,235,0.5
880,17,2.9978520567292413
881,2,2.9978520567292413
882,233,2.9978520567292413
883,11,3.601984626103217
884,205,2.9978520567292413
885,343,2.9978520567292413
886,241,2.9978520567292413
887,2,2.9978520567292413
888,4,2.9978520567292413
889,1,3.143410852713178
890,219,3.828320080298183
891,805,3.299386746597225
892,617,2.82715012343114
893,205,3.76243842364532
894,205,3.704992571883774
895,236,4.0
896,4,4.0
897,7,2.9978520567292413
898,1286,4.0
899,7,3.6277319587628867
900,255,2.2695479240271195
901,8,2.9978520567292413
902,875,2.505079851710405
903,4,2.9978520567292413
904,215,2.9978520567292413
905,11,3.505878424499414
906,897,2.722171782231775
907,7,3.4508354070387486
908,249,2.3955994996414187
909,257,2.678181449475416
910,205,2.9978520567292413
911,213,4.0
912,11,4.0
913,12,2.9978520567292413
914,215,3.7731536310279736
915,235,2.9978520567292413
916,1446,3.25
917,211,3.0865304368455893
918,2,3.453564276387441
919,205,1.2039968652037616
920,213,4.0
921,1222,2.6002376988018066
922,13,2.9978520567292413
923,215,2.9978520567292413
924,843,2.9978520567292413
925,1,2.9978520567292413
926,5,2.9978520567292413
927,215,2.9978520567292413
928,217,2.9978520567292413
929,233,2.9978520567292413
930,235,2.4968658519881313
931,253,2.9978520567292413
932,17,2.4843690531642073
933,219,2.9978520567292413
934,233,2.9978520567292413
935,243,3.127459604674609
936,212,2.5219156880755373
937,241,4.0
938,336,3.2895594617773005
939,1661,2.9003510570794964
940,4,2.9978520567292413
941,1274,2.9978520567292413
942,236,2.9978520567292413
943,17,2.9978520567292413
944,211,3.190598290598291
945,10,2.9978520567292413
946,5,2.5904038281947543
947,207,2.3309324094591175
948,215,2.9978520567292413
949,4,2.9978520567292413
950,207,2.888223479466065
951,11,2.9978520567292413
952,10,1.8717989273159823
953,207,2.9978520567292413
954,210,2.9978520567292413
955,2,2.9978520567292413
956,341,2.9978520567292413
957,8,2.9978520567292413
958,249,2.0119490996982003
959,205,2.9978520567292413
960,12,3.0983074753173483
961,779,0.7779964170077716
962,17,2.9978520567292413
963,363,3.719737308497832
964,11,2.9978520567292413
965,207,3.5008435792083468
966,7,2.9978520567292413
967,254,2.9978520567292413
968,1,2.9978520567292413
969,839,2.941182311363786
970,235,2.3944733969920255
971,247,2.487714533183996
972,3,2.7550912008227386
973,13,2.9978520567292413
974,565,2.9978520567292413
975,13,2.9978520567292413
976,215,2.9978520567292413
977,7,2.9978520567292413
978,1336,3.317230841560884
979,235,2.9978520567292413
980,5,3.8988095238095237
981,252,2.73594410518278
982,247,2.6493839856558763
983,261,4.0
984,8,2.2742141620875778
985,252,3.4001275306870715
986,8,2.9978520567292413
987,255,2.523441829917436
988,205,1.9529933727309117
989,4,2.7119711901882337
990,241,3.1151375032498607
991,251,3.2506682057962544
992,1436,4.0
993,213,2.9978520567292413
994,7,2.9978520567292413
995,241,2.884821455766756
996,257,2.9978520567292413
997,249,3.57543041806506
998,167,3.320499742045002
999,239,2.1526549618759105
1000,253,1.7780071908012094
1001,207,3.1377857916293106
1002,4,3.215595543553734
1003,5,2.9899223325105373
1004,213,4.0
1005,215,2.9978520567292413
1006,210,2.7181892330633994
1007,235,2.9978520567292413
1008,235,2.80842151675485
1009,461,1.0926986255386266
1010,207,3.407270807606469
1011,241,4.0
1012,215,2.9978520567292413
1013,1088,3.0132128971258507
1014,1626,2.0701663984183174
1015,254,4.0
1016,299,2.9978520567292413
1017,560,2.5902323202736364
1018,669,2.6675909957708277
1019,1079,3.141064001099128
1020,10,2.9978520567292413
1021,11,2.9978520567292413
1022,4,2.9978520567292413
1023,4,2.9978520567292413
1024,2,3.4732763289191055
1025,257,2.9978520567292413
1026,11,2.9978520567292413
1027,8,2.9978520567292413
1028,2,3.5603146853146854
1029,1279,3.4583333333333335
1030,205,4.0
1031,1640,1.1271777003484322
1032,215,2.9978520567292413
1033,1559,2.673900488460064
1034,250,3.2003043767399015
1035,1,2.9978520567292413
1036,215,2.9978520567292413
1037,207,3.6058612440191387
1038,212,2.7028430401081494
1039,377,3.0245845496521353
1040,17,3.3213583911723625
1041,389,2.7613415437418447
1042,1834,2.9978520567292413
1043,7,2.9978520567292413
1044,7,2.9978520567292413
1045,213,2.9978520567292413
1046,205,2.35618771516608
1047,6,3.1648757948586463
1048,7,2.9978520567292413
1049,1,2.9978520567292413
