1,9,3.625526889482324
2,13,2.9974254104631317
3,52,3.398489967781879
1050,215,2.759488078478027
1051,211,3.545170576272101
1052,1,2.6658684120513927
1053,257,3.413463404691684
1054,215,2.9974254104631317
1055,207,3.623037278663946
1056,210,2.1996245178944562
1057,4,2.6447765264657894
1058,215,2.9974254104631317
1059,13,3.135653667180367
1060,293,3.0692329789696946
1061,3,1.7024840880799044
1062,205,3.1147136305299306
1063,11,2.9974254104631317
1064,9,3.2687671827738725
1065,207,3.1546238456033127
1066,2,3.7673775350133916
1067,211,3.1622456784808017
1068,17,3.4964635378891615
1069,1,3.0405269570954543
1070,248,3.4592169881203874
1071,217,2.773139040807111
1072,4,2.6668543661792734
1073,206,3.7752452725436925
1074,11,3.4608095372465377
1075,215,3.37944419480831
1076,4,2.8615321034066867
1077,251,3.5820066604453418
1078,8,3.3157445711569276
1079,7,3.1478439425051334
1080,6,3.1268838789314573
1081,9,2.791862623785968
1082,13,2.708727031433266
1083,207,2.8215949057069043
1084,7,3.790259982986469
1085,251,2.8804727808508863
1086,12,3.6715164892325776
1087,250,3.264205548707222
1088,7,2.9171317762151805
1089,253,2.1680833713581045
1090,1,3.1234323518403815
1091,217,3.777074411101278
1092,255,2.491272411592027
1093,216,2.9974254104631317
1094,215,3.9818358406565166
1095,247,3.0339211778678377
1096,10,3.5077630868621203
1097,1656,2.9974254104631317
1098,215,2.9974254104631317
1099,121,3.081564343477751
1100,11,3.7549926520496135
1101,13,3.412523655777205
1102,1844,2.0546186315137382
1103,213,1.9645557886872602
1104,572,3.800982146017352
1105,17,3.1065491946682764
1106,7,2.9974254104631317
1107,215,2.9974254104631317
1108,121,2.7818281981104946
1109,254,2.16170158567561
1110,207,3.585426267044122
1111,216,3.042169602678689
1112,4,3.1224968580939216
1113,251,3.0953284990877465
1114,11,3.5608944028325644
1115,217,3.3864502648490475
1116,239,2.746369155532465
1117,235,3.508245886945322
1118,11,4.0
1119,11,2.9974254104631317
1120,213,3.0012187945738114
1121,5,3.6165868477923815
1122,247,3.2376991174255143
1123,235,2.988585741522433
1124,253,2.6462445581831475
1125,2,2.561886491698954
1126,214,3.255904941263199
1127,2,3.1481491315743715
1128,215,2.9974254104631317
1129,5,3.59883221235446
1130,253,2.900812897520088
1131,207,2.9974254104631317
1132,205,3.4415065275439196
1133,219,2.5818807837614512
1134,207,3.153909141567874
1135,1,3.9992929131519155
1136,257,2.9974254104631317
1137,17,3.4049886920752157
1138,6,3.4789490279037762
1139,239,2.220658357906076
1140,235,2.574784980614059
1141,4,3.635472274116052
1142,214,3.1842621288831086
1143,1,2.7899515770022685
1144,217,3.8776370144945114
1145,3,3.2173191903885527
1146,4,2.513635022007757
1147,593,2.791809381008793
1148,84,1.9049186460603096
1149,1399,3.530592773953234
1150,244,2.9034065932477415
1151,484,2.9974254104631317
1152,217,3.2256668707091247
1153,781,3.296048535211414
1154,214,3.386133610987384
1155,244,2.2746226714232254
1156,241,3.1649586445105204
1157,592,1.595107801364492
1158,12,3.341831742383902
1159,253,2.9850131151837274
1160,628,2.067665102905729
1161,2,3.9316978448434705
1162,245,2.768098365534783
1163,1866,2.9974254104631317
1164,712,3.2412735798604704
1165,1,2.6755573636826133
1166,12,3.3210500674831063
1167,9,3.2705333225450652
1168,877,3.547623061725
1169,2,3.6223339121525586
1170,13,3.0611292998626047
1171,13,3.5611292998626047
1172,7,2.9974254104631317
1173,1880,2.9974254104631317
1174,299,4.0
1175,13,3.1894152620244602
1176,588,2.9974254104631317
1177,7,2.9974254104631317
1178,213,3.1052452287109196
1179,13,2.247448701785608
1180,2,3.3777873623661065
1181,215,2.9974254104631317
1182,10,2.2177129530074717
1183,213,3.3503703323247245
1184,6,3.1175932326635936
1185,292,4.0
1186,236,3.2169502250264848
1187,1711,2.4933155153958646
1188,248,2.657020884211639
1189,235,2.7608406051309258
1190,13,4.0
1191,1,2.7987719023779727
1192,207,2.3809548957277062
1193,121,3.1275178845041305
1194,519,3.894042117193909
1195,17,4.0
1196,219,3.062377122959945
1197,10,3.0273948010148253
1198,244,2.5293398867432186
1199,215,3.901266431273167
1200,2,3.5110101123334867
1201,250,3.1061191516702418
1202,257,2.4629121002795435
1203,205,3.7446380872517064
1204,1,3.094333164300203
1205,11,4.0
1206,2,3.2954846828145317
1207,11,3.0042679358504136
1208,1934,2.9974254104631317
1209,206,2.8293842777689044
1210,9,3.331781648484022
1211,207,2.9974254104631317
1212,876,3.296672442640536
1213,234,3.130040684159621
1214,9,2.8361521037795807
1215,10,2.896838283311368
1216,13,4.0
1217,2,4.0
1218,2,3.232984238474411
1219,11,2.7690031311467607
1220,205,2.9909486540340406
1221,11,3.341790060851927
1222,214,2.524980268434962
1223,13,3.6755243961424817
1224,257,3.0168659824435338
1225,243,2.020576052932544
1226,247,2.950411817370396
1227,215,2.9974254104631317
1228,213,2.892784796236845
1229,7,2.614131077719779
1230,12,3.013463269424441
1231,206,3.5656657670704996
1232,239,2.780391316055876
1233,213,3.066452245476954
1234,13,3.4990458608468606
1235,249,2.442854828366629
1236,214,2.611238504088767
1237,1302,2.9974254104631317
1238,13,4.0
1239,7,3.1955476247258163
1240,11,2.8561073554636263
1241,233,2.4983728707625557
1242,11,4.0
1243,235,2.4271388714614828
1244,59,2.615240012375341
1245,13,4.0
1246,249,1.4001815326312768
1247,7,4.0
1248,8,3.729064292531926
1249,125,2.4983572092282245
1250,215,3.0803844278418357
1251,216,3.4501224911418507
1252,244,2.81398194870789
1253,11,3.8997149166833966
1254,17,3.0081566791357566
1255,7,3.048716516556399
1256,220,2.9974254104631317
1257,3,3.188947829722266
1258,205,3.090131524912411
1259,1,3.43204274313086
1260,3,2.9974254104631317
1261,245,3.028359193833738
1262,10,2.8445345201305887
1263,6,2.6454092664855056
1264,262,2.9974254104631317
1265,13,3.842047784038982
1266,220,3.3743098688750863
1267,5,2.8664225145426547
1268,235,2.96734749255378
1269,1970,2.9974254104631317
1270,728,2.8047113589340946
1271,121,2.8936478134525516
1272,1,3.1253131799611045
1273,215,2.9091188506516374
1274,219,3.287782822459645
1275,13,2.9974254104631317
1276,216,3.559221719871335
1277,1032,2.9974254104631317
1278,205,3.1439788621594835
1279,12,2.9703313421312183
1280,251,3.271065377133833
1281,241,2.9727271513631774
1282,1,3.567457527174538
1283,239,3.132264534733849
1284,9,3.5729170002917843
1285,213,0.5
1286,10,3.298808817602162
1287,17,3.0200944869732598
1288,236,3.2707651705802205
1289,245,2.7734247472942455
1290,241,2.970066181875141
1291,11,3.9585272630561508
1292,219,2.6942689055560263
1293,4,3.6945834253357823
1294,1977,2.9974254104631317
1295,6,1.9957180681008762
1296,1,3.5192183847450753
1297,6,2.9493501669113846
1298,7,2.533558228219419
1299,286,4.0
1300,207,3.1890174738300816
1301,256,2.276367220035666
1302,84,3.169181457089352
1303,1353,2.9974254104631317
1304,1,2.8398309468296565
1305,239,2.917689123882421
1306,9,2.9902788664523765
1307,207,2.699894801049807
1308,205,3.4793470810827616
1309,2,2.9974254104631317
1310,5,3.050997178407381
1311,255,3.356351879910715
1312,3,3.4872831226427365
1313,1598,0.9734684032802701
1314,13,4.0
1315,215,2.846216108547353
1316,216,2.55339963727907
1317,253,3.1575697725172773
1318,5,3.952320566267755
1319,207,3.16561836724129
1320,17,2.9974254104631317
1321,4,1.7659205416597978
1322,213,2.9974254104631317
1323,215,2.9974254104631317
1324,216,3.7157727986939535
1325,239,2.9890496373080992
1326,205,2.281427356099257
1327,7,2.9974254104631317
1328,11,3.764476778720008
1329,17,3.611238261335087
1330,1555,2.8333333333333335
1331,363,2.9974254104631317
1332,235,3.2350489169061536
1333,1123,2.9430431755687305
1334,207,2.1647157886491697
1335,246,2.794379263872659
1336,12,2.3389478181096885
1337,10,3.0410321674027365
1338,13,2.7881937763228333
1339,2,2.4208464506721126
1340,245,2.1891545888493242
1341,10,3.0336555883486898
1342,659,3.3205196580499425
1343,213,2.9626402124642635
1344,269,3.0116153562571624
1345,6,3.484958681449389
1346,10,2.5440169590297894
1347,1,2.81581679635703
1348,11,3.091910010496467
1349,215,3.4388707001373953
1350,245,3.2534627632523763
1351,13,2.962413762498965
1352,257,3.2486973632550105
1353,2,2.9974254104631317
1354,7,3.954645679118737
1355,1279,2.5664090996814863
1356,3,1.930374324884927
1357,397,3.7813761357292286
1358,2,4.0
1359,1,3.4209649328287624
1360,3,3.222680259574418
1361,247,3.2326901807100468
1362,257,3.2893306705757777
1363,257,2.605656961627913
1364,3,2.9974254104631317
1365,4,2.8481204088982546
1366,257,2.898775133259287
1367,11,3.9909581740984943
1368,2,3.2524773597434624
1369,236,3.4587328927105307
1370,216,3.0613805661081046
1371,17,3.151941042849545
1372,254,3.446269601793116
1373,215,1.6537821563323616
1374,2,3.4937040514344084
1375,7,2.999946171805041
1376,8,3.5379532203039252
1377,207,3.462125161453793
1378,9,3.4971484180203927
1379,219,3.4994639694737826
1380,11,2.9974254104631317
1381,215,2.9974254104631317
1382,11,3.688163694064971
1383,461,1.8488341508887778
1384,215,2.9974254104631317
1385,253,3.239601073774328
1386,3,2.9566042493011557
1387,218,3.5428094166038084
1388,84,1.8854910743333697
1389,10,3.0410321674027365
1390,235,2.929559258847308
1391,7,3.619288900382935
1392,299,1.6859028515383607
1393,251,3.954265730450864
1394,270,3.096572999974785
1395,215,2.9974254104631317
1396,239,2.790467263179573
1397,1660,2.9974254104631317
1398,207,3.205884219144443
1399,241,2.8012736432872867
1400,521,2.9974254104631317
1401,213,3.7446110040142226
1402,1408,4.0
1403,215,2.9974254104631317
1404,11,2.9974254104631317
1405,10,3.0622132845105634
1406,207,3.013146663053891
1407,1521,2.909455128205128
1408,2045,4.0
1409,245,3.7061363080496625
1410,215,2.9974254104631317
1411,215,2.9974254104631317
1412,9,4.0
1413,512,2.9974254104631317
1414,235,2.3050761622356872
1415,234,2.993630884051883
1416,84,3.117215156799204
1417,900,3.3053915276576022
1418,274,3.5495037719655413
1419,205,2.6874317819931397
1420,216,3.430589364801175
1421,12,2.9974254104631317
1422,207,2.456872604426726
1423,254,3.507253153792063
1424,256,2.771484077570994
1425,234,2.5076008668252756
1426,10,2.085167801623295
1427,257,2.895822448503174
1428,219,3.846498396437086
1429,2,3.9190427985374487
1430,216,2.253410912790633
1431,219,3.369975981524667
1432,254,2.9626953249956114
1433,11,2.9974254104631317
1434,241,2.38304571392799
1435,391,3.631447878618663
1436,11,2.9974254104631317
1437,308,3.9263034143457465
1438,249,2.1703578618104005
1439,17,3.0970513049370223
1440,17,2.859925988897292
1441,237,2.2762370866823014
1442,8,3.2507870395984257
1443,236,3.814278973504918
1444,247,2.1466053033010644
1445,257,3.439837426690637
1446,239,2.3434361913432067
1447,2,2.9974254104631317
1448,206,3.548026602310591
1449,235,2.795646703072623
1450,211,3.21474617077409
1451,217,2.9935886118214206
1452,207,2.1766439643202915
1453,1,2.741140194653648
1454,13,2.5778144618834427
1455,5,2.687409176896259
1456,218,2.9974254104631317
1457,121,3.3024226302774284
1458,205,3.898210009632755
1459,10,2.988987003201246
1460,235,2.6637080295122617
1461,5,3.0256937162168103
1462,255,2.8401374118049265
1463,341,3.1799080008165777
1464,210,2.2962049332199306
1465,5,3.8801847565160843
1466,805,4.0
1467,256,2.622019875200593
1468,241,2.8071389966771676
1469,13,1.7520967607533142
1470,206,3.0537657104191034
1471,207,3.42150674565652
1472,10,3.1912909091759016
1473,257,2.9974254104631317
1474,3,2.641371719315102
1475,17,2.902101999319766
1476,252,3.4097548884015176
1477,11,2.9974254104631317
1478,214,2.6453471857661075
1479,11,4.0
1480,205,2.856896291206861
1481,821,4.0
1482,213,2.463223992220015
1483,236,2.7194991821566457
1484,215,3.201163949660906
1485,291,3.5881580410060856
1486,216,3.223346185027285
1487,11,2.9974254104631317
1488,207,2.6439758142057475
1489,1,3.9868487937737016
1490,1340,2.9974254104631317
1491,5,3.393641957056312
1492,2,3.835653848880519
1493,885,2.2954419806751853
1494,13,4.0
1495,293,3.202302783499817
1496,1947,4.0
1497,205,2.4772332225956877
1498,235,2.326056795779358
1499,211,3.579558395160076
1500,12,2.2223256995958174
1501,4,2.695689471877225
1502,5,3.179181672247937
1503,10,3.211257562845783
1504,100,2.0045170220430246
1505,389,2.2396306019980936
1506,4,2.4866403439199054
1507,254,3.244671925491146
1508,257,2.6647090329043
4,207,2.650908987724982
5,208,2.9974254104631317
6,7,3.7039305916791565
7,2,2.7846856597325584
8,217,3.7000479239774378
9,218,2.9974254104631317
10,11,2.520487595370075
11,219,3.330537686575112
12,3,3.307593847812001
13,218,3.9404759980600077
14,7,2.629046941148896
15,2,2.9974254104631317
16,236,3.4208414894586543
17,215,3.6931982633863965
18,9,2.9974254104631317
19,213,3.367198728304266
20,207,2.8588807785888077
21,212,3.51798372397277
22,1,3.664228820080102
23,9,3.081284896138089
24,258,2.9974254104631317
25,213,2.987543940145893
26,1,1.9761429631676972
27,262,2.3587079921205163
28,4,3.105283472456147
29,296,3.600696484573697
30,211,2.560132438671502
31,213,3.040913869913019
32,205,2.949753868731881
33,236,2.8799186941238744
34,205,3.324680249625964
35,311,2.8384910217868766
36,241,3.6653998846548292
37,257,3.4614688907767697
38,235,1.3166620452275488
39,5,3.5539808970636635
40,235,2.9974254104631317
41,216,3.065202775581769
42,7,2.730855441546249
43,213,2.563749707653848
44,215,3.672516324361548
45,216,2.156566708790306
46,220,3.3076666690964562
47,10,3.4363984584993537
48,12,3.272058991332181
49,11,4.0
50,3,3.586278723950416
51,317,2.7037022640480086
52,11,3.7690031311467607
53,212,3.363386497556218
54,11,4.0
55,220,3.1887027298559376
56,148,2.7592689927633023
57,17,2.9974254104631317
58,212,0.7945101124256708
59,243,2.9974254104631317
60,341,1.8878135896312136
61,216,2.1949533959478593
62,11,2.9974254104631317
63,346,2.9974254104631317
64,2,3.2694383809086354
65,216,2.550799821070966
66,350,2.2326189366878912
67,235,2.90774871184487
68,216,3.907179853146509
69,10,2.6847080132938643
70,9,3.7294717013604464
71,6,3.5366868419158326
72,248,3.360293399549346
73,17,3.175679278708708
74,261,2.9974254104631317
75,216,3.0266871325114577
76,13,2.9974254104631317
77,11,3.180919383672427
78,370,2.7016666666666667
79,402,3.327913400020246
80,250,3.556279430128338
81,244,2.265125821383567
82,7,3.1354593668941875
83,219,3.149987463851376
84,12,3.360281613204185
85,11,4.0
86,212,3.7856320194054156
87,257,2.12498679253385
88,207,2.9679904172808453
89,12,3.2805413490832755
90,2,3.568830166119778
91,236,3.036661664227564
92,13,3.122417882004096
93,207,2.734601875418077
94,235,2.583989060110898
95,214,3.2689327845821894
96,11,3.3570239200651506
97,241,2.841530430828506
98,7,3.5743361375736105
99,215,3.0504097678690454
100,215,2.9974254104631317
101,216,3.6966671413135432
102,3,3.3071132878185407
103,384,3.9722222222222223
104,4,2.8364153554308817
105,17,2.980975215933926
106,2,3.181728856727103
107,17,3.475093129112741
108,4,3.891360124866879
109,2,3.768051205160681
110,216,3.0763404703022292
111,17,2.0831457029106035
112,606,2.194508838119704
113,9,2.9974254104631317
114,12,2.5485695352721027
115,4,3.3251965104390306
116,8,3.286092734339183
117,219,3.1583228057659896
118,235,2.5494050714742373
119,207,2.6789780233213847
120,12,3.2774527064308505
121,121,3.160954010166345
122,207,2.1946642205813465
123,1,2.2067147188753427
124,248,2.182285832095149
125,215,3.8725527187390263
126,214,3.0334979448131336
127,215,2.1663493742128703
128,8,2.4832402241229548
129,251,3.722583761336975
130,216,2.8431465774270137
131,215,3.684614572399272
132,7,2.9974254104631317
133,11,3.081594385720206
134,241,3.370122501929747
135,215,3.5931844665974104
136,645,3.961070459350121
137,213,3.231380448720803
138,11,3.162533991311223
139,234,3.2381650931747075
140,215,3.819080616327573
141,653,4.0
142,3,3.0279673613858584
143,431,2.9974254104631317
144,2,3.2853790425867793
145,207,2.116341783618265
146,241,2.9246800310122034
147,5,2.9780543390083762
148,235,2.882959585610746
149,7,2.9974254104631317
150,247,2.909066882161029
151,220,2.918917216154402
152,207,2.8700562156558984
153,468,3.5326704545454546
154,12,3.316013192038559
155,235,2.040025731402938
156,4,2.63512298369649
157,3,3.3421286116035227
158,10,2.9974254104631317
159,4,2.4657350231706885
160,213,3.4419060214416053
161,728,3.6821428745604825
162,7,3.7012318907477644
163,233,3.1328469703591444
164,777,3.759960125446452
165,799,2.9559324800868927
166,206,2.854630312331099
167,12,3.2818285787299164
168,241,3.022242808362113
169,211,3.233866547708753
170,318,4.0
171,7,3.900292859620311
172,246,3.9156006836062534
173,2,3.5833156462606497
174,10,1.9444185151842452
175,207,2.816866945642909
176,248,1.968529818081735
177,806,2.255347900352125
178,13,2.4882997144849655
179,244,2.9048569207077137
180,1,3.1300697234814776
181,2,2.697309044903242
182,219,2.3432581254825444
183,206,3.5597606185617434
184,215,4.0
185,257,2.9904830852497786
186,215,2.9974254104631317
187,253,2.7359780615718883
188,236,3.173636707864251
189,11,4.0
190,250,3.0236880560414074
191,3,3.5661126705704893
192,432,3.680245628982828
193,219,3.166142401938034
194,255,2.9974254104631317
195,4,2.083609908255484
196,11,3.5345340549286144
197,207,2.53504168938123
198,13,3.5780478524025368
199,512,2.5083535066181795
200,434,3.8233187214030147
201,217,3.2603497164548583
202,257,2.5012395124222446
203,905,2.75
204,8,4.0
205,2,3.7855876116321667
206,257,2.9299270404495665
207,13,3.2629882581858674
208,213,3.1636264020487594
209,233,2.731495309183381
210,7,2.9974254104631317
211,207,2.1167747348500487
212,11,3.575175613810171
213,714,2.9974254104631317
214,234,3.1422740668241973
215,13,2.8146037940932063
216,13,2.986208580979313
217,254,3.4240171545165294
218,214,2.330231598830914
219,236,2.9481106993984807
220,1,3.3827701493242817
221,915,2.9974254104631317
222,213,2.6044635862412426
223,9,3.248697800046994
224,245,3.399554698776416
225,249,2.975640982074467
226,2,4.0
227,84,3.4865824946783834
228,236,3.152080716444789
229,404,2.9974254104631317
230,208,2.9974254104631317
231,918,3.498691750455426
232,239,2.4219145391629953
233,11,2.998677764986362
234,4,2.8800647573823475
235,245,2.5983810030665833
236,220,2.1853896151883294
237,205,3.1951746692391714
238,254,2.7163735678172274
239,1,2.995116360251368
240,217,3.5440058591958867
241,211,3.424247788456279
242,11,2.9974254104631317
243,584,2.525228607725668
244,7,3.069528880186345
245,253,3.0768766655129864
246,736,2.0
247,279,2.9974254104631317
248,84,2.410296212407605
249,216,2.6433795226164185
250,220,2.706567767849252
251,239,3.1921591154444204
252,484,2.9974254104631317
253,7,2.9974254104631317
254,936,2.9974254104631317
255,205,3.076472866489915
256,217,2.2014415048293836
257,309,4.0
258,235,2.2190501384880825
259,219,2.709331696759444
260,1,3.2905132747813046
261,207,3.287996973110533
262,4,3.6236190951792473
263,239,2.6815864866321957
264,215,3.023873972411796
265,84,3.281168765282244
266,206,3.3659500514659717
267,1,2.9974254104631317
268,13,2.9974254104631317
269,11,3.961074168797954
270,5,2.964979518420097
271,1,2.4624172931878485
272,204,2.700715473553742
273,207,2.9600490784777014
274,8,4.0
275,554,2.9974254104631317
276,217,3.2094471167384473
277,588,2.9974254104631317
278,862,2.4263836660517146
279,249,2.737937069327789
280,250,2.1707201662854656
281,5,3.233528534976508
282,5,1.0267679376661394
283,11,4.0
284,431,3.614688584214079
285,278,3.8952276101732024
286,219,3.7999665313804534
287,207,3.7231445822697893
288,7,1.8383324150569287
289,2,2.072867827174173
290,11,3.313771782267602
291,241,3.1309691047957515
292,8,3.7897471911809264
293,247,2.9903771064734523
294,250,2.7799902604143703
295,246,2.3956899582864155
296,234,2.746170379076177
297,235,1.9850813093536201
298,339,3.0563690055197563
299,236,3.4534286632198774
300,1056,3.077143687707641
301,4,3.5303085545000403
302,239,2.9927215865516597
303,17,2.1473150536507366
304,442,2.9974254104631317
305,350,2.9974254104631317
306,3,2.7129258846104745
307,1071,2.9974254104631317
308,1074,1.885495226176189
309,8,3.1835876709817548
310,522,2.6234547654262936
311,211,3.3025622982891796
312,1,2.0853405843085078
313,1,3.1033692797898143
314,251,3.2484537292430726
315,207,3.613951595443753
316,1137,2.4362520371280914
317,575,1.1721705830536253
318,234,2.745825155727644
319,249,1.7524770363015483
320,6,3.395972575064799
321,207,2.8516906559259736
322,2,3.1537939818296015
323,1029,3.5378031729768677
324,4,3.707448936433302
325,244,3.344625131828868
326,215,3.337550760370679
327,250,3.5247630921851356
328,254,2.487427736294637
329,1,2.2403913002521505
330,248,2.994940208819925
331,211,3.7579904300520486
332,236,3.368404129675845
333,243,2.4551896554095256
334,205,3.160074221141811
335,17,3.256038580382655
336,5,3.5775139927343442
337,12,3.124654953712945
338,215,3.591367832503524
339,5,3.9124762772692705
340,7,3.5125245837429464
341,211,3.9679246907104635
342,12,2.8865130779399824
343,255,3.1159800659860832
344,4,2.607105744763173
345,5,3.210602695644922
346,1010,3.4024064805875986
347,101,3.7166005291005293
348,249,2.7592020172053005
349,256,2.401746075275877
350,10,3.487211821573782
351,257,3.2950216004630013
352,239,3.0752293064464347
353,215,2.5882290171029756
354,13,4.0
355,428,2.4270748169518597
356,11,1.896442703877634
357,7,2.9974254104631317
358,215,3.7000754850041235
359,213,3.430549672330107
360,250,3.1675585916749043
361,1101,2.8866196513822895
362,210,3.07765906011388
363,205,3.1752583674485644
364,356,2.337518503915831
365,17,3.238647075556056
366,1,3.515720319532483
367,3,3.1934709449474994
368,6,2.7051461330652398
369,11,4.0
370,8,3.3723638137306677
371,7,2.9974254104631317
372,207,3.1765099579201146
373,248,3.825295366254155
374,4,2.6685152631214937
375,47,1.5435571009987494
376,241,3.7221643891207115
377,10,3.7044174448884983
378,13,3.511989700634002
379,7,2.690701085362276
380,1,2.9746250769580924
381,121,2.995791415944478
382,205,3.0504270569187666
383,1,3.185860217183071
384,255,2.949726656112338
385,3,2.2657829340343176
386,206,3.370782281176059
387,1217,2.9974254104631317
388,213,2.905176488687165
389,239,2.504778863287802
390,4,3.038524634600303
391,11,3.74597537214649
392,7,3.8767149879912326
393,219,3.3656791981493983
394,13,2.9974254104631317
395,206,2.6643186245061026
396,604,3.1379925365398598
397,205,2.96754303610082
398,2,3.4364359747331616
399,219,2.9315214321223353
400,215,2.3593841648125595
401,5,3.819275975337425
402,1252,2.0558390022675734
403,233,2.8112864168013325
404,9,3.8040479669569662
405,13,3.825756134677573
406,233,3.5271848361340963
407,10,2.7871411239413293
408,17,3.1547415302233874
409,5,2.8930937087227147
410,11,3.2024730809659068
411,10,3.3269392339503883
412,7,2.9083505815519635
413,788,3.692888134470267
414,10,2.845846987740816
415,215,2.9974254104631317
416,299,3.5407443227527637
417,215,3.5169858536935217
418,247,3.1858072304866583
419,207,2.9974254104631317
420,5,2.8593549948254493
421,7,3.188669932233527
422,233,3.810445373231352
423,213,2.0702668632618213
424,7,2.79883926098979
425,210,2.235936878327332
426,255,2.479253060273624
427,6,2.8634073459762317
428,236,3.9239307613507526
429,207,3.2203696566795452
430,257,3.042870713610061
431,799,2.9974254104631317
432,236,2.9680849667493754
433,875,1.7971983289194053
434,236,2.8974481610149962
435,207,3.402735695687407
436,726,3.4553297515480645
437,233,2.2776683538645606
438,235,2.3502307703526597
439,252,3.0736116158741833
440,215,4.0
441,214,3.1918056361330396
442,205,3.052687928410794
443,11,2.9974254104631317
444,213,3.3934342848508634
445,246,2.2212717740610106
446,241,3.1427116439877847
447,7,3.1235181004495622
448,11,3.793448080113793
449,2,3.382181234110332
450,4,3.017955776088377
451,243,2.2729347262950057
452,213,3.3684064869981247
453,213,1.0368042059343228
454,17,3.515931475538364
455,214,3.4023658676503783
456,517,1.7271869100062933
457,235,2.513533677896505
458,215,2.9974254104631317
459,255,2.9921494966220425
460,7,2.789664152546086
461,220,2.624465186400893
462,7,2.9974254104631317
463,11,4.0
464,4,3.5345476113633922
465,1,3.174095679883163
466,241,3.2602799555107866
467,211,3.1577277809084214
468,7,2.701572089290644
469,236,3.364056609167323
470,10,3.5487472121734096
471,219,3.2858782302643537
472,253,2.543368836944935
473,5,3.2608834587962074
474,1,2.9974254104631317
475,236,3.3116161476740738
476,1,3.760224455046271
477,244,2.2121947897528633
478,431,2.61664876099911
479,4,3.716700323744638
480,11,3.039964452018494
481,17,3.4582695100902643
482,2,2.8112231632748914
483,246,1.9451795912204126
484,1,2.920166861136651
485,12,3.2654612341094187
486,254,2.9174238398306316
487,2,3.302267852044616
488,241,2.467184993268261
489,1304,3.0480713524015037
490,7,3.379547871278598
491,219,3.3708210972011736
492,207,2.727575712780881
493,7,2.9974254104631317
494,244,2.836724707242801
495,17,3.048358079572332
496,278,3.6378205128205128
497,11,2.2896109884694975
498,8,2.5742497040254246
499,7,2.9974254104631317
500,219,3.6898111737927604
501,11,2.9974254104631317
502,254,2.5161498139389473
503,1308,2.9974254104631317
504,234,3.00089933177023
505,121,2.650847823628744
506,205,3.234456195433721
507,2,3.562735157603118
508,539,2.846250897204039
509,215,3.146186679840136
510,1331,2.9974254104631317
511,215,2.9974254104631317
512,2,2.9974254104631317
513,7,2.9322552194537237
514,239,2.951587964277833
515,206,3.5046207783340093
516,17,3.9468173502909085
517,243,2.586892171574128
518,9,3.84910975730407
519,1336,3.375
520,12,3.1553120494410902
521,2,2.9536903826009446
522,206,3.1319271532967417
523,236,3.0897180578401637
524,13,3.265708076930484
525,11,2.9974254104631317
526,121,2.001817794363269
527,4,4.0
528,219,3.4084672641419362
529,211,2.9974254104631317
530,233,3.4219306792809028
531,1026,2.9974254104631317
532,11,2.9974254104631317
533,537,2.3703995940620715
534,234,2.8715219714907567
535,1,2.580866784772882
536,213,2.382387339924893
537,1017,2.0704534206502663
538,5,3.4875043180742593
539,256,3.1450242186207094
540,4,3.602907750582578
541,6,2.923544488461518
542,11,3.8672709985898566
543,215,2.9974254104631317
544,10,3.588184200977569
545,215,3.013675290552023
546,1116,3.7968321995911847
547,243,2.495815906755577
548,219,2.473583198949539
549,5,2.943259158515991
550,235,2.572860692199169
551,11,3.665799205529452
552,216,2.3931698892930484
553,207,2.661776879776542
554,12,3.2587166739311457
555,256,3.264950811787775
556,1351,2.9974254104631317
557,248,2.645191893449132
558,13,2.9974254104631317
559,220,1.9648921330005786
560,253,2.9538572645714622
561,8,3.068868177953749
562,11,2.61666281930996
563,3,3.4838939929993957
564,13,3.3901823352778804
565,241,2.9974254104631317
566,210,2.461438389930827
567,17,3.36967417065975
568,842,3.4452321493166003
569,4,3.367089802872864
570,256,2.9793513801891107
571,8,3.6967464751258867
572,6,3.198625802343161
573,3,2.9312759193061666
574,5,3.3719550417594877
575,233,2.572451458654596
576,247,3.6836298054438306
577,236,3.207589022238188
578,143,2.7255984210468247
579,2,3.833631688750058
580,5,3.5275520190642045
581,236,3.74336086296983
582,104,2.9974254104631317
583,239,2.6438549274700547
584,10,2.900059285749301
585,213,2.303153926090726
586,220,3.0358071889472504
587,444,2.3690658778140814
588,958,2.94525333408224
589,212,3.3286789263677994
590,235,2.3089366106303055
591,835,3.11905799880043
592,1,3.317865147249241
593,8,3.326789186131208
594,239,3.786800215901792
595,207,2.9836505906937427
596,215,2.9974254104631317
597,5,3.613490561475862
598,7,4.0
599,13,2.9974254104631317
600,241,3.426839161562029
601,251,3.1509075647761104
602,215,2.9974254104631317
603,1,3.050814784225256
604,7,4.0
605,1372,2.9974254104631317
606,7,2.2598079044636066
607,7,3.7600614342286693
608,257,2.706715520026886
609,207,2.2414022685601545
610,17,3.546932314390643
611,5,2.748194255230927
612,589,2.289358546239062
613,239,2.851947879327223
614,205,3.024930141557727
615,215,3.368678834538875
616,376,3.2695188812398013
617,3,3.2895421308339543
618,16,3.832800449824194
619,270,3.79
620,246,2.7193603449318546
621,11,2.4724077658671537
622,9,3.3126992183387145
623,7,3.057932891572517
624,577,2.9974254104631317
625,246,3.886803670909468
626,806,3.051416002095055
627,3,3.592843232001137
628,216,2.7242261544079507
629,219,3.127618320141432
630,11,3.3578507964828446
631,205,2.6160587799695314
632,11,4.0
633,11,3.6038005727453597
634,207,2.0314442799770562
635,12,2.9974254104631317
636,702,1.844017094017094
637,92,2.133436279152309
638,216,3.2295413241539257
639,216,3.162334019894234
640,1,2.9974254104631317
641,241,2.7035543120869114
642,216,3.1721498732232054
643,7,3.267045138543374
644,2,3.1793701864825117
645,4,2.973948036741042
646,251,3.472720468528414
647,8,2.7419165323275156
648,11,3.8199037147041435
649,13,2.302856459926995
650,253,2.6690020293203336
651,219,2.369722950864504
652,17,3.478998006265956
653,233,3.0513505416356956
654,235,3.1409273365308232
655,11,2.4824793683291264
656,257,2.4740690203298334
657,248,2.4422279576529924
658,210,2.9576279094431723
659,7,3.264814804080497
660,213,3.0964370536817802
661,84,2.1593967918487973
662,207,3.2031027520853246
663,12,2.8527713553647684
664,236,3.2036465215165513
665,246,3.040702560958404
666,17,2.632416739970343
667,250,0.7679420690909122
668,2,3.568164277632817
669,244,2.7153594555258476
670,3,3.270574159293419
671,900,3.853327491836357
672,246,3.2623099529717443
673,5,2.474949912024041
674,249,3.576099858567176
675,220,3.4230536386015613
676,1,3.3026560903079463
677,213,3.3124805122100764
678,245,3.198749969559396
679,216,2.938329412573647
680,7,2.954581531157616
681,13,3.065056592175471
682,10,2.991891731453493
683,219,3.4049311970238154
684,13,3.5459600714168786
685,210,1.1833101597425395
686,10,2.9974254104631317
687,218,4.0
688,13,2.9974254104631317
689,250,2.9974254104631317
690,207,2.5922857533946253
691,11,4.0
692,3,2.6053382859236813
693,13,3.5368999835544375
694,8,3.3394247867996714
695,8,3.723260403273289
696,11,3.215943263302327
697,583,2.8983621204922065
698,4,3.1639665054604342
699,2,4.0
700,7,2.9974254104631317
701,5,3.4539041369664836
702,1313,3.8141181252453324
703,239,2.9974254104631317
704,2,3.0389123738457293
705,6,3.1292083580244916
706,7,2.9707053506512704
707,7,3.8688817160426807
708,1505,2.625
709,11,2.9974254104631317
710,220,3.4736169886143045
711,11,3.8453211471042277
712,239,2.934241303042883
713,235,2.8992852789380033
714,217,2.6673135283059946
715,207,3.2459897381718013
716,215,3.142623574160089
717,5,3.5591044620507213
718,1,2.9639309785323262
719,121,2.894401065160534
720,215,2.9974254104631317
721,234,2.9974254104631317
722,13,4.0
723,239,3.465838954788639
724,206,3.9129883067782574
725,677,3.0925857621719635
726,241,3.602514732818529
727,11,3.8593034708655973
728,476,3.598303649633028
729,10,2.286038648994268
730,244,3.5161685025784006
731,2,2.855872038959015
732,705,3.7468336423075357
733,318,3.0024806919681195
734,215,3.5127586565830202
735,207,2.9579265611312238
736,1,3.4073379402919084
737,205,1.994601840882877
738,84,3.229498619769473
739,951,1.384557667029476
740,8,3.797643691474506
741,236,3.4630096760398885
742,257,3.39374809971096
743,236,3.680681853596851
744,8,3.316856243909632
745,11,3.5168234351655716
746,217,3.255138240278457
747,17,3.346764742447337
748,215,3.4733725281417063
749,17,3.193743573818569
750,245,0.6223699804923579
751,1,1.8022950574738612
752,4,3.555782932408007
753,11,3.698027226127203
754,7,3.8570646129729362
755,294,3.3922958572625665
756,84,2.4535574449716817
757,8,3.373799907213461
758,215,3.723893139599704
759,9,3.060934167002207
760,7,2.6236077405482234
761,4,3.488105200086087
762,244,3.274267851009795
763,207,3.6665730862811152
764,31,3.081827062602156
765,11,2.9974254104631317
766,213,3.215172513570964
767,219,4.0
768,254,2.6790725991646798
769,1506,2.875
770,236,3.2471720058420463
771,7,2.3145106091718
772,17,3.139143913582701
773,589,3.7132534336905465
774,50,3.8061018513232074
775,341,1.968327512362214
776,219,3.2629400003350555
777,2,3.4328248574110254
778,13,2.7743357686632986
779,215,3.8791437949358656
780,252,3.061940971711075
781,210,3.3288127164533297
782,213,3.1031889594027566
783,1,2.9170504162664876
784,214,2.563553244321162
785,8,3.1838332028411487
786,257,2.9543845043892785
787,2,2.5631041405561152
788,9,3.043638692431497
789,17,3.5712504216810315
790,253,2.497460287763917
791,4,3.778550622559559
792,6,2.573736574548096
793,207,3.574769614797848
794,8,3.6890699439656025
795,257,2.8620054971265727
796,7,3.4536789525654954
797,236,2.6823485426805616
798,536,2.9974254104631317
799,13,4.0
800,4,2.9906043700634832
801,5,3.364281293685577
802,7,2.9974254104631317
803,254,3.8143705143702475
804,310,2.9974254104631317
805,13,3.470828068602836
806,1539,2.9974254104631317
807,205,3.084222882033379
808,217,2.602273500260057
809,235,2.9974254104631317
810,217,2.9274396759348966
811,309,2.9974254104631317
812,1160,2.9250543980884456
813,1,2.313850018045374
814,207,2.9847866815676687
815,233,1.284734935518639
816,278,3.1785456354500607
817,251,3.576906423283802
818,255,3.1984992995707486
819,8,3.623482202640454
820,12,3.168493425948268
821,5,4.0
822,235,2.889740269153971
823,207,1.8347696381445113
824,341,2.935194951060831
825,681,3.1109784444172393
826,216,3.7042714159729693
827,861,1.9297012171532304
828,239,3.1647141484750456
829,11,3.2285305031421347
830,118,4.0
831,657,3.77435671830785
832,215,2.9974254104631317
833,1,2.8121315584580673
834,235,2.8194158901316038
835,205,3.7896165888485567
836,477,3.1759101086016384
837,5,3.0985900567763847
838,211,2.4901474774280383
839,396,3.0791930751947003
840,4,3.932888705400063
841,7,3.6345171617574854
842,441,2.0069779154091796
843,214,1.9176764486163482
844,7,3.520111535450342
845,616,4.0
846,217,2.4272719752315703
847,1625,2.9974254104631317
848,355,3.350374314361154
849,241,2.5931173239760477
850,241,3.5232207559830018
851,211,3.3081528600181076
852,207,2.5656943210517205
853,675,3.911200883008339
854,236,3.6552422401152773
855,1123,2.9974254104631317
856,257,2.9974254104631317
857,278,3.260020608669732
858,465,2.9974254104631317
859,255,3.405900986231046
860,236,3.1077654230205796
861,8,4.0
862,11,4.0
863,12,2.318146636439982
864,13,3.1977204476206333
865,241,3.0138553662765393
866,236,3.0556843786994774
867,9,2.776191165017673
868,207,2.7431134538357766
869,8,3.252192127990426
870,213,2.951393346484652
871,247,1.8980122025760613
872,211,2.8839728336555868
873,241,2.5775223338640547
874,236,3.5387430091861267
875,1,2.574468045045539
876,205,2.6050941565016936
877,4,2.9353583513927726
878,84,2.896959478588553
879,217,0.9707181274391437
880,12,3.0139739446342815
881,213,2.9213168709672845
882,3,1.9621410893453803
883,808,3.7314419894314494
884,235,2.9659152534148596
885,343,2.9974254104631317
886,235,2.25239587854579
887,13,3.9215181685396683
888,7,3.448017155310015
889,205,2.8424163604792057
890,13,3.7038982117203245
891,1094,2.196439224035
892,287,3.508297002773896
893,205,3.745163928005453
894,4,3.339793197236556
895,236,3.8628472808157346
896,12,3.833286842976376
897,2,3.3015325797187822
898,26,3.381310178616869
899,241,3.25417900522676
900,239,2.094072726247702
901,8,3.5646062879591773
902,875,2.3283069396973204
903,5,3.034830286364267
904,215,2.9974254104631317
905,245,3.2432626634752584
906,5,3.528720770407194
907,246,2.325697489320753
908,234,2.488484907655635
909,212,3.0787635310587045
910,10,3.087090429694653
911,234,2.197072059747192
912,4,2.3803936099592966
913,12,3.05454461514561
914,12,3.159175489344381
915,205,3.263085576934711
916,215,3.1931982633863965
917,7,3.0268393628977415
918,11,3.684068028840457
919,212,1.270655071550856
920,17,2.6950791358514428
921,248,2.3118407007073514
922,13,2.9974254104631317
923,215,3.6298455921883352
924,843,2.9974254104631317
925,234,2.5664045506854216
926,5,3.51734119863782
927,3,3.1217095168046307
928,5,3.3654770725586185
929,10,0.8469245469601097
930,250,2.9611453656672015
931,219,3.3718857477650572
932,10,2.744277733261155
933,2,3.158485519408118
934,233,2.9974254104631317
935,254,3.436858659051386
936,233,2.9594996903811364
937,241,3.874516411712092
938,723,3.198643587639629
939,2,2.5538739310546923
940,236,3.8502365562715966
941,1274,2.9974254104631317
942,213,3.3748652396010095
943,8,2.3535287357682533
944,10,3.4361764338969234
945,7,3.264451593402514
946,8,2.8231236640168533
947,1118,4.0
948,207,3.0791373172041547
949,219,2.689749531365196
950,9,3.6912579944306803
951,17,3.668779151910706
952,236,2.996402737213296
953,207,2.355152784753818
954,11,3.6103381194997684
955,236,2.9608401969147327
956,341,2.9974254104631317
957,219,2.5845432488815656
958,2,2.4079735699708715
959,11,3.5296760644648
960,1669,2.9974254104631317
961,779,0.7806736956283808
962,239,2.3723472158755974
963,1062,2.9966376394530294
964,4,3.347101893779087
965,252,2.665910451175655
966,17,3.315537102051938
967,213,3.8050491671743645
968,9,3.73563512262026
969,396,3.2765210831284954
970,219,2.9702224128985275
971,253,2.525908904436719
972,12,2.734939700410816
973,236,3.4649566683691537
974,565,2.9974254104631317
975,13,2.9974254104631317
976,215,4.0
977,7,2.9974254104631317
978,12,3.7712408487787523
979,11,3.507409358389124
980,215,3.3216900375054337
981,5,3.086508928778962
982,248,2.491379697594631
983,215,3.5992119803573654
984,8,3.035625286815087
985,219,3.2059032992057377
986,236,3.8874773959748916
987,211,2.942160104636799
988,215,2.4183512266850467
989,1340,4.0
990,547,3.190032414910859
991,234,3.139072055977026
992,286,4.0
993,1,3.886451564197874
994,7,3.4679411872377104
995,257,2.6146840003480976
996,235,3.603577118652917
997,249,3.5691423916831093
998,207,2.5240339196537067
999,215,2.6864614395657065
1000,253,1.7675433379309755
1001,9,2.8189995855003183
1002,940,2.2130629353953766
1003,11,2.7465124063982307
1004,255,3.021734701445063
1005,215,3.278075967331272
1006,8,3.1060668588259603
1007,1,2.9325820086269436
1008,13,3.9982562205845906
1009,3,3.19042579764941
1010,215,3.3623236917615835
1011,12,2.9268852050094702
1012,13,3.913874448740481
1013,207,3.182637867649124
1014,10,2.7674774988086632
1015,2,3.5218418291370495
1016,299,2.9974254104631317
1017,355,1.3919607843137254
1018,1797,2.9974254104631317
1019,1219,2.8744852083975454
1020,10,2.9974254104631317
1021,13,2.736317271653804
1022,17,3.6428928269027914
1023,2,2.4396107253084094
1024,10,2.5109705055857012
1025,11,4.0
1026,257,3.0793891467441794
1027,220,3.2513845589490384
1028,7,2.663254627745168
1029,586,3.0307692307692307
1030,5,3.2559667560838834
1031,1640,1.1258823529411766
1032,215,2.9974254104631317
1033,533,1.0979483072558456
1034,250,3.1600585288509655
1035,11,2.9974254104631317
1036,213,3.293527013586431
1037,207,3.467067819647717
1038,84,2.617608238259204
1039,1562,3.199076070561159
1040,307,3.9079491084192237
1041,1513,3.3941326033541173
1042,805,4.0
1043,207,2.9974254104631317
1044,7,2.9974254104631317
1045,13,2.23124834520791
1046,248,2.766094863280237
1047,17,3.2833912276635853
1048,7,2.74553718646319
1049,257,2.7687563528872614
