1054,1209,3.327078203536721
1054,1066,3.2783946883840955
1054,915,3.2207188895354264
1054,1883,3.198636480588611
1054,920,3.18804157154097
1054,1979,3.177382228958487
1054,1518,3.1765869323904714
1054,1446,3.1614993427668807
1054,1722,3.1533918674751273
1054,1406,3.1526285237104723
1128,1209,3.492622577652829
1128,1066,3.4872689782287165
1128,1518,3.4008963974681845
1128,915,3.3834014199814653
1128,1328,3.347531097681317
1128,1883,3.335889104552374
1128,1697,3.3292120156786384
1128,1741,3.3227413147394733
1128,1979,3.3215491864277418
1128,1446,3.3161974549332003
1181,1209,3.0461350410360915
1181,1066,3.042319002773903
1181,1883,2.9701825776119177
1181,1752,2.962580700011084
1181,1518,2.9017688430785733
1181,1706,2.889391126374214
1181,915,2.88520234703305
1181,1328,2.884579326365754
1181,1446,2.881824089797232
1181,319,2.8813441771620636
1323,1066,3.1786147683011374
1323,1209,3.1677681862520166
1323,1518,3.072032007390847
1323,915,3.066658181632306
1323,1328,3.059984651696046
1323,1697,3.056443090534666
1323,1741,3.0234498965462255
1323,1883,3.02159718471772
1323,1752,3.0039161378593184
1323,1706,2.9998544823435807
1400,1209,3.3645745134916925
1400,1066,3.3496212000611143
1400,1883,3.2798060901453665
1400,1518,3.2522240261802677
1400,915,3.251742684203503
1400,1752,3.2467220139703143
1400,1328,3.2208453033790714
1400,1446,3.2155490498230255
1400,1706,3.2072158769339505
1400,1406,3.19991472948248
5,1066,3.393963413395796
5,1209,3.38508249594122
5,1883,3.335278212417777
5,1518,3.2983473265011747
5,2050,3.2809236334241096
5,1531,3.2765125499901018
5,1979,3.273763768973614
5,319,3.2658668277025478
5,1741,3.2647295748481744
5,1446,3.2576761809695856
15,1209,3.3042414282032753
15,1066,3.2718292183158812
15,1518,3.208085673790678
15,1697,3.197561855072457
15,1883,3.1908938207068522
15,1741,3.1831841480742202
15,1752,3.1614743574873074
15,915,3.155160794088412
15,1706,3.141988831352393
15,1553,3.137361008898429
18,1209,3.351612376939228
18,1066,3.2985037386153166
18,1518,3.274930501323858
18,915,3.2129518996374697
18,1741,3.1941357148433425
18,1553,3.1716152358149663
18,1406,3.1642190579023586
18,1883,3.151991290115982
18,1722,3.1421663678430556
18,1328,3.140177769034979
76,1209,3.3375578584387315
76,1066,3.31054020310848
76,1518,3.2599513245629175
76,1883,3.204569765358251
76,1697,3.1886250325471597
76,1752,3.1881946024345473
76,915,3.1704498522869113
76,1328,3.168965519619738
76,2050,3.1642837494968132
76,1446,3.1556719172628998
131,1209,3.2250420457238675
131,1066,3.1249739264253686
131,1883,3.104381097752217
131,1553,3.075161827734878
131,2050,3.0702014903956925
131,1963,3.067532891898368
131,1518,3.065762342281998
131,1492,3.0489992486841127
131,2004,3.0453454210417847
131,1752,3.0367035926709214
221,1066,3.3586624303860475
221,1209,3.3430280496070526
221,1697,3.273109847581666
221,1518,3.270531800472722
221,1328,3.2592823383823433
221,1406,3.2375877675481557
221,1741,3.2159064438733456
221,1706,3.1872637951822176
221,1431,3.1732986490853414
221,1979,3.169890346052265
230,1209,3.050482917232286
230,1518,3.048874663362562
230,1413,2.93703501887881
230,1431,2.9245018130983618
230,1883,2.919123669217845
230,1066,2.916999695841271
230,1697,2.9122599587038698
230,1531,2.903939554306278
230,1741,2.8992783719438253
230,1373,2.894316796561502
242,1518,3.341932764038873
242,1209,3.318702160171668
242,1066,3.3103518193124293
242,1697,3.249150386970491
242,1741,3.235471929585636
242,1553,3.2269738304941247
242,1883,3.219554607991697
242,612,3.2044399695182495
242,1413,3.2006977664056406
242,1752,3.186262632758448
247,1209,3.354869433410611
247,1066,3.345384897975522
247,1883,3.2027122283796152
247,1328,3.194304767400483
247,1752,3.189984432094345
247,1518,3.18900011544416
247,1492,3.1814103253632164
247,1741,3.175100432311381
247,915,3.1738154480571774
247,1553,3.172523066330886
275,1209,3.2332767195503904
275,1066,3.1944594308168477
275,1883,3.0955425117457875
275,1518,3.0535604092359327
275,915,3.0519115685012705
275,1752,3.0471878719738688
275,319,3.045446134582599
275,1328,3.0447256754106635
275,1492,3.0418550971644263
275,1741,3.0340747900406764
305,1066,3.3840961063682142
305,1209,3.3391618971232595
305,1518,3.3158242371085884
305,1883,3.2625185397329544
305,1741,3.2604022879486356
305,915,3.2487031557542934
305,1328,3.221639650880851
305,1752,3.218922221965204
305,612,3.2183691899276656
305,1697,3.2182861945268733
371,1066,3.504428460232569
371,1518,3.464114113797925
371,1883,3.4494509991704825
371,1446,3.419333031634513
371,2050,3.393022294261743
371,1979,3.388761199884776
371,1404,3.3727113770394506
371,1406,3.3704983334767356
371,1931,3.3695834558037987
371,1753,3.3623693511790584
405,1209,3.4142842070945587
405,1066,3.3246117807857614
405,1518,3.2848915157970398
405,1883,3.283160055255964
405,1752,3.2289343643501036
405,2050,3.2236078988447834
405,1531,3.2171553558931545
405,2004,3.2124975588029803
405,920,3.2058408709036073
405,1553,3.2051011258148776
443,1209,3.316070978748337
443,1066,3.2985040473571328
443,1518,3.2710233953097454
443,1883,3.2398300573774073
443,2050,3.1940242679530213
443,1553,3.1863444234824474
443,1990,3.175746904303828
443,1752,3.1739674184524245
443,1446,3.1634941240525536
443,1406,3.1628009425459296
525,1209,3.5059457741865954
525,1066,3.4999937530115375
525,1518,3.415488124600759
525,1883,3.395256247412711
525,1697,3.3826799952736226
525,1752,3.381774293565892
525,915,3.367858002220227
525,1328,3.3533824897180122
525,1706,3.3510626709035964
525,1446,3.336564354764408
558,1209,3.221403495808921
558,1066,3.1511730840029815
558,1518,3.102845792102691
558,915,3.0638669001084837
558,1883,3.0577990595869164
558,1328,3.032687246915553
558,1706,3.0139262152003354
558,1741,3.0129729324222034
558,1697,3.00757470989899
558,1752,3.001792597998504
602,1209,3.366016993094688
602,1066,3.3344418039562087
602,1518,3.2776203754473965
602,1883,3.2244427679119
602,915,3.2066814178169296
602,1328,3.193868899252994
602,1697,3.191430956046461
602,1752,3.1779674211343973
602,1741,3.175022377785396
602,1446,3.172825035634348
720,1066,3.448520300109954
720,1209,3.431389073592558
720,1518,3.394171690909886
720,915,3.3221571335309688
720,1883,3.313585821190078
720,1328,3.2902574902511104
720,1697,3.289672264474544
720,1406,3.2895658906190817
720,1741,3.284916016342557
720,1553,3.279577573488648
856,1209,3.3099158569924954
856,1066,3.2412048894518075
856,1518,3.20559021390555
856,1883,3.1880701543735186
856,1741,3.1480383751979475
856,915,3.146048115511172
856,1553,3.140587280285561
856,1979,3.1216430834178546
856,920,3.1212097302039585
856,1752,3.1208541660615854
1020,1209,3.2847243913048274
1020,1066,3.221380235439907
1020,1518,3.2205801296842056
1020,612,3.1225205370349687
1020,1883,3.1219050593790105
1020,1752,3.1163749498801225
1020,1895,3.1132979382887203
1020,1741,3.0891367061625696
1020,1722,3.0777263521669127
1020,1531,3.077595599417135
1044,1209,3.169365926539507
1044,1066,3.1343637807205114
1044,1518,3.131556140963089
1044,1883,3.0670691764371516
1044,1446,3.016367432193274
1044,915,3.015799436119499
1044,1741,3.0109562162025525
1044,612,3.002413265794737
1044,1328,3.001158533055865
1044,1706,2.994061427131371
